{
  "metadata": {
    "version": 4.5,
    "type": "Object",
    "generator": "Object3D.toJSON"
  },
  "geometries": [
    {
      "uuid": "7887E45A-97DC-418D-ACBA-376EB1574135",
      "type": "SphereBufferGeometry",
      "radius": 0.3875,
      "widthSegments": 10,
      "heightSegments": 10
    },
    {
      "uuid": "2F5E7A5D-246B-435E-AF87-B2978EB8A3D6",
      "type": "SphereBufferGeometry",
      "radius": 0.425,
      "widthSegments": 10,
      "heightSegments": 10
    },
    {
      "uuid": "1D101CF7-C876-4678-AF6A-BD72D4288E4F",
      "type": "SphereBufferGeometry",
      "radius": 0.38,
      "widthSegments": 10,
      "heightSegments": 10
    },
    {
      "uuid": "1B8A29E6-2027-4A8E-8038-98B87AD0ADBC",
      "type": "SphereBufferGeometry",
      "radius": 0.3875,
      "widthSegments": 10,
      "heightSegments": 10
    },
    {
      "uuid": "65EFC394-5B2C-4401-A39D-09C42E287512",
      "type": "SphereBufferGeometry",
      "radius": 0.425,
      "widthSegments": 10,
      "heightSegments": 10
    },
    {
      "uuid": "B31E5109-ADA0-465E-A4A2-2F3D260F290A",
      "type": "SphereBufferGeometry",
      "radius": 0.3875,
      "widthSegments": 10,
      "heightSegments": 10
    },
    {
      "uuid": "A189B2B7-E6BE-4DDF-BBCA-F4155E4118C4",
      "type": "SphereBufferGeometry",
      "radius": 0.425,
      "widthSegments": 10,
      "heightSegments": 10
    },
    {
      "uuid": "3E36115A-777F-4A76-9A96-EC3A9474348D",
      "type": "SphereBufferGeometry",
      "radius": 0.425,
      "widthSegments": 10,
      "heightSegments": 10
    },
    {
      "uuid": "EF389E80-9231-4597-9988-788B2624624E",
      "type": "SphereBufferGeometry",
      "radius": 0.425,
      "widthSegments": 10,
      "heightSegments": 10
    },
    {
      "uuid": "43961943-3C94-421B-87B3-6CF9845664B2",
      "type": "CylinderBufferGeometry",
      "radiusTop": 0.1,
      "radiusBottom": 0.1,
      "height": 0.7448273934610641,
      "radialSegments": 8,
      "heightSegments": 8,
      "openEnded": true
    },
    {
      "uuid": "D8EA235F-4772-47B0-8F38-1E649A0D7099",
      "type": "CylinderBufferGeometry",
      "radiusTop": 0.1,
      "radiusBottom": 0.1,
      "height": 0.6798582724546351,
      "radialSegments": 8,
      "heightSegments": 8,
      "openEnded": true
    },
    {
      "uuid": "34FD44C2-B07C-4E3D-B0A5-0DDD96ABD486",
      "type": "CylinderBufferGeometry",
      "radiusTop": 0.1,
      "radiusBottom": 0.1,
      "height": 0.678750590073406,
      "radialSegments": 8,
      "heightSegments": 8,
      "openEnded": true
    },
    {
      "uuid": "E61D0E61-5726-4841-9166-FBED723A8157",
      "type": "CylinderBufferGeometry",
      "radiusTop": 0.1,
      "radiusBottom": 0.1,
      "height": 0.7164206898533844,
      "radialSegments": 8,
      "heightSegments": 8,
      "openEnded": true
    },
    {
      "uuid": "8B85DB17-29F0-493E-8659-9ADBF7B374C0",
      "type": "CylinderBufferGeometry",
      "radiusTop": 0.1,
      "radiusBottom": 0.1,
      "height": 0.6647665715089431,
      "radialSegments": 8,
      "heightSegments": 8,
      "openEnded": true
    },
    {
      "uuid": "6AB9C516-992F-49DD-AE41-2D117DAAD2FD",
      "type": "CylinderBufferGeometry",
      "radiusTop": 0.1,
      "radiusBottom": 0.1,
      "height": 0.6692174462198371,
      "radialSegments": 8,
      "heightSegments": 8,
      "openEnded": true
    },
    {
      "uuid": "2ECB617F-4281-4ED2-B82B-FFDC02650BAF",
      "type": "CylinderBufferGeometry",
      "radiusTop": 0.1,
      "radiusBottom": 0.1,
      "height": 0.6789802303822996,
      "radialSegments": 8,
      "heightSegments": 8,
      "openEnded": true
    },
    {
      "uuid": "8AA58938-07DC-451F-BB55-F9240BC272F7",
      "type": "CylinderBufferGeometry",
      "radiusTop": 0.1,
      "radiusBottom": 0.1,
      "height": 0.6171541761456467,
      "radialSegments": 8,
      "heightSegments": 8,
      "openEnded": true
    },
    {
      "uuid": "8E9F1DA0-F7EB-428B-B4FD-CE33ADD75A92",
      "type": "CylinderBufferGeometry",
      "radiusTop": 0.1,
      "radiusBottom": 0.1,
      "height": 0.6962119219210494,
      "radialSegments": 8,
      "heightSegments": 8,
      "openEnded": true
    }
  ],
  "materials": [
    {
      "uuid": "ACC2C37E-BBE6-486B-9431-FC335D59EA67",
      "type": "MeshToonMaterial",
      "color": 170,
      "emissive": 0,
      "depthFunc": 3,
      "depthTest": true,
      "depthWrite": true,
      "stencilWrite": false,
      "stencilWriteMask": 255,
      "stencilFunc": 519,
      "stencilRef": 0,
      "stencilFuncMask": 255,
      "stencilFail": 7680,
      "stencilZFail": 7680,
      "stencilZPass": 7680
    },
    {
      "uuid": "BF2F9C23-EB12-4284-94B9-C47E8B0D2984",
      "type": "MeshToonMaterial",
      "color": 11184810,
      "emissive": 0,
      "depthFunc": 3,
      "depthTest": true,
      "depthWrite": true,
      "stencilWrite": false,
      "stencilWriteMask": 255,
      "stencilFunc": 519,
      "stencilRef": 0,
      "stencilFuncMask": 255,
      "stencilFail": 7680,
      "stencilZFail": 7680,
      "stencilZPass": 7680
    },
    {
      "uuid": "143E07E3-9723-467E-8BB5-6C8DB9669243",
      "type": "MeshToonMaterial",
      "color": 14483456,
      "emissive": 0,
      "depthFunc": 3,
      "depthTest": true,
      "depthWrite": true,
      "stencilWrite": false,
      "stencilWriteMask": 255,
      "stencilFunc": 519,
      "stencilRef": 0,
      "stencilFuncMask": 255,
      "stencilFail": 7680,
      "stencilZFail": 7680,
      "stencilZPass": 7680
    },
    {
      "uuid": "90E20506-B83B-4B08-927A-B94BBE050D10",
      "type": "MeshToonMaterial",
      "color": 170,
      "emissive": 0,
      "depthFunc": 3,
      "depthTest": true,
      "depthWrite": true,
      "stencilWrite": false,
      "stencilWriteMask": 255,
      "stencilFunc": 519,
      "stencilRef": 0,
      "stencilFuncMask": 255,
      "stencilFail": 7680,
      "stencilZFail": 7680,
      "stencilZPass": 7680
    },
    {
      "uuid": "A2EEBC5A-EAAE-41A0-989A-77B1F1FB60A9",
      "type": "MeshToonMaterial",
      "color": 11184810,
      "emissive": 0,
      "depthFunc": 3,
      "depthTest": true,
      "depthWrite": true,
      "stencilWrite": false,
      "stencilWriteMask": 255,
      "stencilFunc": 519,
      "stencilRef": 0,
      "stencilFuncMask": 255,
      "stencilFail": 7680,
      "stencilZFail": 7680,
      "stencilZPass": 7680
    },
    {
      "uuid": "43B8149B-949B-4C32-9A9D-0F7ACB4F9871",
      "type": "MeshToonMaterial",
      "color": 170,
      "emissive": 0,
      "depthFunc": 3,
      "depthTest": true,
      "depthWrite": true,
      "stencilWrite": false,
      "stencilWriteMask": 255,
      "stencilFunc": 519,
      "stencilRef": 0,
      "stencilFuncMask": 255,
      "stencilFail": 7680,
      "stencilZFail": 7680,
      "stencilZPass": 7680
    },
    {
      "uuid": "97A42FCE-15A0-4F78-967F-2670A336D00D",
      "type": "MeshToonMaterial",
      "color": 11184810,
      "emissive": 0,
      "depthFunc": 3,
      "depthTest": true,
      "depthWrite": true,
      "stencilWrite": false,
      "stencilWriteMask": 255,
      "stencilFunc": 519,
      "stencilRef": 0,
      "stencilFuncMask": 255,
      "stencilFail": 7680,
      "stencilZFail": 7680,
      "stencilZPass": 7680
    },
    {
      "uuid": "A4E32D65-01A2-4DFD-A953-C5C7711E27C7",
      "type": "MeshToonMaterial",
      "color": 11184810,
      "emissive": 0,
      "depthFunc": 3,
      "depthTest": true,
      "depthWrite": true,
      "stencilWrite": false,
      "stencilWriteMask": 255,
      "stencilFunc": 519,
      "stencilRef": 0,
      "stencilFuncMask": 255,
      "stencilFail": 7680,
      "stencilZFail": 7680,
      "stencilZPass": 7680
    },
    {
      "uuid": "5A63A733-7477-4C29-B69E-BDA8F2EAB542",
      "type": "MeshToonMaterial",
      "color": 11184810,
      "emissive": 0,
      "depthFunc": 3,
      "depthTest": true,
      "depthWrite": true,
      "stencilWrite": false,
      "stencilWriteMask": 255,
      "stencilFunc": 519,
      "stencilRef": 0,
      "stencilFuncMask": 255,
      "stencilFail": 7680,
      "stencilZFail": 7680,
      "stencilZPass": 7680
    },
    {
      "uuid": "4703DAA6-1068-4E34-A439-F472B913CC38",
      "type": "MeshToonMaterial",
      "color": 11184810,
      "emissive": 0,
      "depthFunc": 3,
      "depthTest": true,
      "depthWrite": true,
      "stencilWrite": false,
      "stencilWriteMask": 255,
      "stencilFunc": 519,
      "stencilRef": 0,
      "stencilFuncMask": 255,
      "stencilFail": 7680,
      "stencilZFail": 7680,
      "stencilZPass": 7680
    },
    {
      "uuid": "064C547F-07B9-4E67-AD8D-35E4474F16FF",
      "type": "MeshToonMaterial",
      "color": 170,
      "emissive": 0,
      "depthFunc": 3,
      "depthTest": true,
      "depthWrite": true,
      "stencilWrite": false,
      "stencilWriteMask": 255,
      "stencilFunc": 519,
      "stencilRef": 0,
      "stencilFuncMask": 255,
      "stencilFail": 7680,
      "stencilZFail": 7680,
      "stencilZPass": 7680
    },
    {
      "uuid": "3A0E6B9B-3F67-4444-8C20-3095F5ED8FFA",
      "type": "MeshToonMaterial",
      "color": 170,
      "emissive": 0,
      "depthFunc": 3,
      "depthTest": true,
      "depthWrite": true,
      "stencilWrite": false,
      "stencilWriteMask": 255,
      "stencilFunc": 519,
      "stencilRef": 0,
      "stencilFuncMask": 255,
      "stencilFail": 7680,
      "stencilZFail": 7680,
      "stencilZPass": 7680
    },
    {
      "uuid": "1BB4DD2A-6F75-4B0B-9E33-68CD0896BA0A",
      "type": "MeshToonMaterial",
      "color": 11184810,
      "emissive": 0,
      "depthFunc": 3,
      "depthTest": true,
      "depthWrite": true,
      "stencilWrite": false,
      "stencilWriteMask": 255,
      "stencilFunc": 519,
      "stencilRef": 0,
      "stencilFuncMask": 255,
      "stencilFail": 7680,
      "stencilZFail": 7680,
      "stencilZPass": 7680
    },
    {
      "uuid": "F775CAB7-A6D8-4E7A-970D-F0D0F75028A2",
      "type": "MeshToonMaterial",
      "color": 11184810,
      "emissive": 0,
      "depthFunc": 3,
      "depthTest": true,
      "depthWrite": true,
      "stencilWrite": false,
      "stencilWriteMask": 255,
      "stencilFunc": 519,
      "stencilRef": 0,
      "stencilFuncMask": 255,
      "stencilFail": 7680,
      "stencilZFail": 7680,
      "stencilZPass": 7680
    },
    {
      "uuid": "38EDB105-9728-43DF-8F24-B97EBEAEB155",
      "type": "MeshToonMaterial",
      "color": 11184810,
      "emissive": 0,
      "depthFunc": 3,
      "depthTest": true,
      "depthWrite": true,
      "stencilWrite": false,
      "stencilWriteMask": 255,
      "stencilFunc": 519,
      "stencilRef": 0,
      "stencilFuncMask": 255,
      "stencilFail": 7680,
      "stencilZFail": 7680,
      "stencilZPass": 7680
    },
    {
      "uuid": "9650EE7E-5147-47EC-B8C1-24187620C6D2",
      "type": "MeshToonMaterial",
      "color": 11184810,
      "emissive": 0,
      "depthFunc": 3,
      "depthTest": true,
      "depthWrite": true,
      "stencilWrite": false,
      "stencilWriteMask": 255,
      "stencilFunc": 519,
      "stencilRef": 0,
      "stencilFuncMask": 255,
      "stencilFail": 7680,
      "stencilZFail": 7680,
      "stencilZPass": 7680
    },
    {
      "uuid": "EF2180F9-85E1-47DA-B1EF-D1D72177F3C9",
      "type": "MeshToonMaterial",
      "color": 11184810,
      "emissive": 0,
      "depthFunc": 3,
      "depthTest": true,
      "depthWrite": true,
      "stencilWrite": false,
      "stencilWriteMask": 255,
      "stencilFunc": 519,
      "stencilRef": 0,
      "stencilFuncMask": 255,
      "stencilFail": 7680,
      "stencilZFail": 7680,
      "stencilZPass": 7680
    },
    {
      "uuid": "C29A1FF4-F75C-4DD7-9710-494178A50CEC",
      "type": "MeshToonMaterial",
      "color": 11184810,
      "emissive": 0,
      "depthFunc": 3,
      "depthTest": true,
      "depthWrite": true,
      "stencilWrite": false,
      "stencilWriteMask": 255,
      "stencilFunc": 519,
      "stencilRef": 0,
      "stencilFuncMask": 255,
      "stencilFail": 7680,
      "stencilZFail": 7680,
      "stencilZPass": 7680
    },
    {
      "uuid": "CDD7AC78-B1D6-42D2-A8F4-6A2F528802E3",
      "type": "MeshToonMaterial",
      "color": 170,
      "emissive": 0,
      "depthFunc": 3,
      "depthTest": true,
      "depthWrite": true,
      "stencilWrite": false,
      "stencilWriteMask": 255,
      "stencilFunc": 519,
      "stencilRef": 0,
      "stencilFuncMask": 255,
      "stencilFail": 7680,
      "stencilZFail": 7680,
      "stencilZPass": 7680
    },
    {
      "uuid": "D7B1FBE8-D357-4C09-B35B-EB43CC41BC68",
      "type": "MeshToonMaterial",
      "color": 11184810,
      "emissive": 0,
      "depthFunc": 3,
      "depthTest": true,
      "depthWrite": true,
      "stencilWrite": false,
      "stencilWriteMask": 255,
      "stencilFunc": 519,
      "stencilRef": 0,
      "stencilFuncMask": 255,
      "stencilFail": 7680,
      "stencilZFail": 7680,
      "stencilZPass": 7680
    },
    {
      "uuid": "A322CA9A-7B63-4F9A-A2E9-0FDCD498E202",
      "type": "MeshToonMaterial",
      "color": 170,
      "emissive": 0,
      "depthFunc": 3,
      "depthTest": true,
      "depthWrite": true,
      "stencilWrite": false,
      "stencilWriteMask": 255,
      "stencilFunc": 519,
      "stencilRef": 0,
      "stencilFuncMask": 255,
      "stencilFail": 7680,
      "stencilZFail": 7680,
      "stencilZPass": 7680
    },
    {
      "uuid": "DC262D70-AF90-4BBD-B249-4BDBE864B908",
      "type": "MeshToonMaterial",
      "color": 170,
      "emissive": 0,
      "depthFunc": 3,
      "depthTest": true,
      "depthWrite": true,
      "stencilWrite": false,
      "stencilWriteMask": 255,
      "stencilFunc": 519,
      "stencilRef": 0,
      "stencilFuncMask": 255,
      "stencilFail": 7680,
      "stencilZFail": 7680,
      "stencilZPass": 7680
    },
    {
      "uuid": "DD9CB185-B741-4B01-8797-330BF5CD9036",
      "type": "MeshToonMaterial",
      "color": 11184810,
      "emissive": 0,
      "depthFunc": 3,
      "depthTest": true,
      "depthWrite": true,
      "stencilWrite": false,
      "stencilWriteMask": 255,
      "stencilFunc": 519,
      "stencilRef": 0,
      "stencilFuncMask": 255,
      "stencilFail": 7680,
      "stencilZFail": 7680,
      "stencilZPass": 7680
    },
    {
      "uuid": "67071D51-2902-4EAF-A06D-7A080ED14044",
      "type": "MeshToonMaterial",
      "color": 11184810,
      "emissive": 0,
      "depthFunc": 3,
      "depthTest": true,
      "depthWrite": true,
      "stencilWrite": false,
      "stencilWriteMask": 255,
      "stencilFunc": 519,
      "stencilRef": 0,
      "stencilFuncMask": 255,
      "stencilFail": 7680,
      "stencilZFail": 7680,
      "stencilZPass": 7680
    },
    {
      "uuid": "3DDDF44A-6ED0-49DD-865E-2233FFA50EBB",
      "type": "MeshToonMaterial",
      "color": 14483456,
      "emissive": 0,
      "depthFunc": 3,
      "depthTest": true,
      "depthWrite": true,
      "stencilWrite": false,
      "stencilWriteMask": 255,
      "stencilFunc": 519,
      "stencilRef": 0,
      "stencilFuncMask": 255,
      "stencilFail": 7680,
      "stencilZFail": 7680,
      "stencilZPass": 7680
    },
    {
      "uuid": "0ADE6B4C-03DB-4B23-82D1-35DC2480063C",
      "type": "MeshToonMaterial",
      "color": 11184810,
      "emissive": 0,
      "depthFunc": 3,
      "depthTest": true,
      "depthWrite": true,
      "stencilWrite": false,
      "stencilWriteMask": 255,
      "stencilFunc": 519,
      "stencilRef": 0,
      "stencilFuncMask": 255,
      "stencilFail": 7680,
      "stencilZFail": 7680,
      "stencilZPass": 7680
    },
    {
      "uuid": "26504423-4A2D-451B-A582-44CD2ACB3016",
      "type": "MeshToonMaterial",
      "color": 170,
      "emissive": 0,
      "depthFunc": 3,
      "depthTest": true,
      "depthWrite": true,
      "stencilWrite": false,
      "stencilWriteMask": 255,
      "stencilFunc": 519,
      "stencilRef": 0,
      "stencilFuncMask": 255,
      "stencilFail": 7680,
      "stencilZFail": 7680,
      "stencilZPass": 7680
    }
  ],
  "object": {
    "uuid": "29316B1B-7DAF-4385-91BB-53D19462288C",
    "type": "Group",
    "layers": 1,
    "matrix": [
      1,
      0,
      0,
      0,
      0,
      1,
      0,
      0,
      0,
      0,
      1,
      0,
      0,
      0,
      0,
      1
    ],
    "children": [
      {
        "uuid": "489C5695-6E54-4B4E-9D04-B055A176BE9E",
        "type": "Group",
        "name": "atoms",
        "layers": 1,
        "matrix": [
          1,
          0,
          0,
          0,
          0,
          1,
          0,
          0,
          0,
          0,
          1,
          0,
          0,
          0,
          0,
          1
        ],
        "children": [
          {
            "uuid": "301E03B8-8D65-499E-ABFC-340AE8D42A94",
            "type": "Mesh",
            "name": "N1",
            "layers": 1,
            "matrix": [
              1,
              0,
              0,
              0,
              0,
              1,
              0,
              0,
              0,
              0,
              1,
              0,
              -1.28657765449683,
              4.52255701334427,
              2.77555756156289e-17,
              1
            ],
            "geometry": "7887E45A-97DC-418D-ACBA-376EB1574135",
            "material": "ACC2C37E-BBE6-486B-9431-FC335D59EA67"
          },
          {
            "uuid": "50B2F711-501C-49A5-9E4C-74ECE65A2A10",
            "type": "Mesh",
            "name": "C2",
            "layers": 1,
            "matrix": [
              1,
              0,
              0,
              0,
              0,
              1,
              0,
              0,
              0,
              0,
              1,
              0,
              -1.47665054038848,
              3.14316712685502,
              0,
              1
            ],
            "geometry": "2F5E7A5D-246B-435E-AF87-B2978EB8A3D6",
            "material": "BF2F9C23-EB12-4284-94B9-C47E8B0D2984"
          },
          {
            "uuid": "7AB39C7B-521E-4AD3-964B-FF15A6A4852D",
            "type": "Mesh",
            "name": "O2",
            "layers": 1,
            "matrix": [
              1,
              0,
              0,
              0,
              0,
              1,
              0,
              0,
              0,
              0,
              1,
              0,
              -2.62254356529968,
              2.68442396996229,
              0.001,
              1
            ],
            "geometry": "1D101CF7-C876-4678-AF6A-BD72D4288E4F",
            "material": "143E07E3-9723-467E-8BB5-6C8DB9669243"
          },
          {
            "uuid": "0A3645D7-A314-44A6-BD45-13DAAA1D8CA5",
            "type": "Mesh",
            "name": "N3",
            "layers": 1,
            "matrix": [
              1,
              0,
              0,
              0,
              0,
              1,
              0,
              0,
              0,
              0,
              1,
              0,
              -0.385057702897589,
              2.33540381348435,
              0.000345992810207529,
              1
            ],
            "geometry": "1B8A29E6-2027-4A8E-8038-98B87AD0ADBC",
            "material": "90E20506-B83B-4B08-927A-B94BBE050D10"
          },
          {
            "uuid": "CF694141-4020-488D-91BD-BA4248DD1D15",
            "type": "Mesh",
            "name": "C4",
            "layers": 1,
            "matrix": [
              1,
              0,
              0,
              0,
              0,
              1,
              0,
              0,
              0,
              0,
              1,
              0,
              0.848496113805832,
              2.85477978961241,
              0.00158616112557461,
              1
            ],
            "geometry": "65EFC394-5B2C-4401-A39D-09C42E287512",
            "material": "A2EEBC5A-EAAE-41A0-989A-77B1F1FB60A9"
          },
          {
            "uuid": "93AE1567-41C8-4EDB-8EC6-75FE51E808FF",
            "type": "Mesh",
            "name": "N4",
            "layers": 1,
            "matrix": [
              1,
              0,
              0,
              0,
              0,
              1,
              0,
              0,
              0,
              0,
              1,
              0,
              1.88303685950519,
              2.0196848966296,
              0.001,
              1
            ],
            "geometry": "B31E5109-ADA0-465E-A4A2-2F3D260F290A",
            "material": "43B8149B-949B-4C32-9A9D-0F7ACB4F9871"
          },
          {
            "uuid": "828C68FA-1796-4C3C-93C4-1F0239649EC2",
            "type": "Mesh",
            "name": "C5",
            "layers": 1,
            "matrix": [
              1,
              0,
              0,
              0,
              0,
              1,
              0,
              0,
              0,
              0,
              1,
              0,
              1.06531043633039,
              4.27112225105204,
              0.00155664258340361,
              1
            ],
            "geometry": "A189B2B7-E6BE-4DDF-BBCA-F4155E4118C4",
            "material": "97A42FCE-15A0-4F78-967F-2670A336D00D"
          },
          {
            "uuid": "8AE3FDF9-C036-4CEB-B232-66B71811E155",
            "type": "Mesh",
            "name": "C6",
            "layers": 1,
            "matrix": [
              1,
              0,
              0,
              0,
              0,
              1,
              0,
              0,
              0,
              0,
              1,
              0,
              -0.0382837938843514,
              5.06162143324159,
              0.00103501592415939,
              1
            ],
            "geometry": "3E36115A-777F-4A76-9A96-EC3A9474348D",
            "material": "A4E32D65-01A2-4DFD-A953-C5C7711E27C7"
          },
          {
            "uuid": "C1E48036-DCAA-4269-8653-ED91C29838B4",
            "type": "Mesh",
            "name": "C1",
            "layers": 1,
            "matrix": [
              1,
              0,
              0,
              0,
              0,
              1,
              0,
              0,
              0,
              0,
              1,
              0,
              -2.497968425359,
              5.3895078680471,
              -5.55111512312578e-17,
              1
            ],
            "geometry": "EF389E80-9231-4597-9988-788B2624624E",
            "material": "5A63A733-7477-4C29-B69E-BDA8F2EAB542"
          }
        ]
      },
      {
        "uuid": "E54924A1-E8D6-474B-B706-389F1D979CE0",
        "type": "Group",
        "name": "bonds",
        "layers": 1,
        "matrix": [
          1,
          0,
          0,
          0,
          0,
          1,
          0,
          0,
          0,
          0,
          1,
          0,
          0,
          0,
          0,
          1
        ],
        "children": [
          {
            "uuid": "CC4504BA-09F4-4714-BD0D-0B35195EA024",
            "type": "Group",
            "name": "C1-N1",
            "layers": 1,
            "matrix": [
              1,
              0,
              0,
              0,
              0,
              1,
              0,
              0,
              0,
              0,
              1,
              0,
              0,
              0,
              0,
              1
            ],
            "children": [
              {
                "uuid": "CCA01055-5085-4F67-8600-E67B93263E5E",
                "type": "Mesh",
                "name": "C1",
                "layers": 1,
                "matrix": [
                  -2.2204460492503128e-16,
                  5.551115123125782e-17,
                  0.9999999999999999,
                  0,
                  0.813202348287084,
                  -0.5819810484374662,
                  2.2204460492503136e-16,
                  0,
                  0.5819810484374661,
                  0.8132023482870838,
                  0,
                  0,
                  -2.1951207326434576,
                  5.172770154371392,
                  -3.469446951953613e-17,
                  1
                ],
                "geometry": "43961943-3C94-421B-87B3-6CF9845664B2",
                "material": "4703DAA6-1068-4E34-A439-F472B913CC38"
              },
              {
                "uuid": "124B563E-D0FC-4719-8907-246023EC64A0",
                "type": "Mesh",
                "name": "N1",
                "layers": 1,
                "matrix": [
                  -2.2204460492503128e-16,
                  5.551115123125782e-17,
                  0.9999999999999999,
                  0,
                  0.813202348287084,
                  -0.5819810484374662,
                  2.2204460492503136e-16,
                  0,
                  0.5819810484374661,
                  0.8132023482870838,
                  0,
                  0,
                  -1.5894253472123725,
                  4.739294727019978,
                  6.938893903907225e-18,
                  1
                ],
                "geometry": "43961943-3C94-421B-87B3-6CF9845664B2",
                "material": "064C547F-07B9-4E67-AD8D-35E4474F16FF"
              }
            ]
          },
          {
            "uuid": "BF783F36-EC64-4AE0-B7A7-9C8D567B1122",
            "type": "Group",
            "name": "N1-C6",
            "layers": 1,
            "matrix": [
              1,
              0,
              0,
              0,
              0,
              1,
              0,
              0,
              0,
              0,
              1,
              0,
              0,
              0,
              0,
              1
            ],
            "children": [
              {
                "uuid": "9E63987D-31F6-4113-B599-56E9B51305EF",
                "type": "Mesh",
                "name": "N1",
                "layers": 1,
                "matrix": [
                  -0.0008291441631185225,
                  2.2204460492503128e-16,
                  0.9999996562599195,
                  0,
                  0.9180544763436511,
                  0.39645352696159913,
                  0.0007611997721396756,
                  0,
                  -0.3964533906846321,
                  0.9180547919158794,
                  -0.00032871712782833734,
                  0,
                  -0.9745041893437103,
                  4.657323118318599,
                  0.00025875398103986834,
                  1
                ],
                "geometry": "D8EA235F-4772-47B0-8F38-1E649A0D7099",
                "material": "3A0E6B9B-3F67-4444-8C20-3095F5ED8FFA"
              },
              {
                "uuid": "E6872AB3-C8FE-4D29-8EE2-8F83D2232801",
                "type": "Mesh",
                "name": "C6",
                "layers": 1,
                "matrix": [
                  -0.0008291441631185225,
                  2.2204460492503128e-16,
                  0.9999996562599195,
                  0,
                  0.9180544763436511,
                  0.39645352696159913,
                  0.0007611997721396756,
                  0,
                  -0.3964533906846321,
                  0.9180547919158794,
                  -0.00032871712782833734,
                  0,
                  -0.35035725903747106,
                  4.92685532826726,
                  0.0007762619431195496,
                  1
                ],
                "geometry": "D8EA235F-4772-47B0-8F38-1E649A0D7099",
                "material": "1BB4DD2A-6F75-4B0B-9E33-68CD0896BA0A"
              }
            ]
          },
          {
            "uuid": "8D98A034-C3A1-4FE6-B8A0-56FAD0B8D62D",
            "type": "Group",
            "name": "C6-C5",
            "layers": 1,
            "matrix": [
              1,
              0,
              0,
              0,
              0,
              1,
              0,
              0,
              0,
              0,
              1,
              0,
              0,
              0,
              0,
              1
            ],
            "children": [
              {
                "uuid": "A7BAF2DF-E4FA-470C-BD87-32FF9D586981",
                "type": "Mesh",
                "name": "C6",
                "layers": 1,
                "matrix": [
                  -0.00047266158765135735,
                  -1.1102230246251565e-16,
                  0.9999998882955056,
                  0,
                  0.8129600521565581,
                  -0.5823193333092046,
                  0.00038425503187239357,
                  0,
                  0.582319268261518,
                  0.8129601429678599,
                  0.0002752399806019712,
                  0,
                  0.23761476366933393,
                  4.863996637694202,
                  0.001165422588970445,
                  1
                ],
                "geometry": "34FD44C2-B07C-4E3D-B0A5-0DDD96ABD486",
                "material": "F775CAB7-A6D8-4E7A-970D-F0D0F75028A2"
              },
              {
                "uuid": "F678C2A3-C0D4-4692-94D5-307307157BDB",
                "type": "Mesh",
                "name": "C5",
                "layers": 1,
                "matrix": [
                  -0.00047266158765135735,
                  -1.1102230246251565e-16,
                  0.9999998882955056,
                  0,
                  0.8129600521565581,
                  -0.5823193333092046,
                  0.00038425503187239357,
                  0,
                  0.582319268261518,
                  0.8129601429678599,
                  0.0002752399806019712,
                  0,
                  0.7894118787767046,
                  4.468747046599427,
                  0.001426235918592555,
                  1
                ],
                "geometry": "34FD44C2-B07C-4E3D-B0A5-0DDD96ABD486",
                "material": "38EDB105-9728-43DF-8F24-B97EBEAEB155"
              }
            ]
          },
          {
            "uuid": "599CA23D-9466-48A5-9A90-7F5288933458",
            "type": "Group",
            "name": "C5-C4",
            "layers": 1,
            "matrix": [
              1,
              0,
              0,
              0,
              0,
              1,
              0,
              0,
              0,
              0,
              1,
              0,
              0,
              0,
              0,
              1
            ],
            "children": [
              {
                "uuid": "F704DCD0-1B33-4131-8D90-8BD96902E754",
                "type": "Mesh",
                "name": "C5",
                "layers": 1,
                "matrix": [
                  -0.0001361466417613144,
                  1.3877787807814457e-17,
                  -0.9999999907320459,
                  0,
                  -0.15131774221158317,
                  -0.9884851746321597,
                  0.000020601402631922894,
                  0,
                  -0.9884851654709245,
                  0.1513177436139891,
                  0.00013457893695689727,
                  0,
                  1.0111068556992504,
                  3.9170366356921322,
                  0.00156402221894636,
                  1
                ],
                "geometry": "E61D0E61-5726-4841-9166-FBED723A8157",
                "material": "9650EE7E-5147-47EC-B8C1-24187620C6D2"
              },
              {
                "uuid": "B26535A3-3EB6-4692-956D-2CD65AF75DE5",
                "type": "Mesh",
                "name": "C4",
                "layers": 1,
                "matrix": [
                  -0.0001361466417613144,
                  1.3877787807814457e-17,
                  -0.9999999907320459,
                  0,
                  -0.15131774221158317,
                  -0.9884851746321597,
                  0.000020601402631922894,
                  0,
                  -0.9884851654709245,
                  0.1513177436139891,
                  0.00013457893695689727,
                  0,
                  0.9026996944369715,
                  3.2088654049723173,
                  0.00157878149003186,
                  1
                ],
                "geometry": "E61D0E61-5726-4841-9166-FBED723A8157",
                "material": "EF2180F9-85E1-47DA-B1EF-D1D72177F3C9"
              }
            ]
          },
          {
            "uuid": "74FF113A-7096-4FF9-B7FF-D805D3F545C9",
            "type": "Group",
            "name": "C4-N4",
            "layers": 1,
            "matrix": [
              1,
              0,
              0,
              0,
              0,
              1,
              0,
              0,
              0,
              0,
              1,
              0,
              0,
              0,
              0,
              1
            ],
            "children": [
              {
                "uuid": "9A4BD7E9-92B8-4522-A90C-61828C3DEB27",
                "type": "Mesh",
                "name": "C4",
                "layers": 1,
                "matrix": [
                  0.0005665905706712104,
                  -5.551115123125783e-17,
                  0.9999998394875498,
                  0,
                  0.7781233218083381,
                  -0.6281113768155047,
                  -0.00044087740772236206,
                  0,
                  0.6281112759958084,
                  0.778123446706839,
                  -0.0003558819834350579,
                  0,
                  1.1071313002306715,
                  2.6460060663667075,
                  0.0014396208441809573,
                  1
                ],
                "geometry": "8B85DB17-29F0-493E-8659-9ADBF7B374C0",
                "material": "C29A1FF4-F75C-4DD7-9710-494178A50CEC"
              },
              {
                "uuid": "F5A2D0B0-81E5-423F-8DE5-ED1454579116",
                "type": "Mesh",
                "name": "N4",
                "layers": 1,
                "matrix": [
                  0.0005665905706712104,
                  -5.551115123125783e-17,
                  0.9999998394875498,
                  0,
                  0.7781233218083381,
                  -0.6281113768155047,
                  -0.00044087740772236206,
                  0,
                  0.6281112759958084,
                  0.778123446706839,
                  -0.0003558819834350579,
                  0,
                  1.6244016730803505,
                  2.228458619875303,
                  0.0011465402813936524,
                  1
                ],
                "geometry": "8B85DB17-29F0-493E-8659-9ADBF7B374C0",
                "material": "CDD7AC78-B1D6-42D2-A8F4-6A2F528802E3"
              }
            ]
          },
          {
            "uuid": "702BB8C5-2A09-40E0-8EDF-94DBFFFB18B1",
            "type": "Group",
            "name": "C4-N3",
            "layers": 1,
            "matrix": [
              1,
              0,
              0,
              0,
              0,
              1,
              0,
              0,
              0,
              0,
              1,
              0,
              0,
              0,
              0,
              1
            ],
            "children": [
              {
                "uuid": "7E7B64F3-A142-48B4-BDA7-C87E09D9AB79",
                "type": "Mesh",
                "name": "C4",
                "layers": 1,
                "matrix": [
                  0.0010053616403454813,
                  1.1102230246251565e-16,
                  -0.9999994946238584,
                  0,
                  -0.9216390155929977,
                  -0.38804724761871,
                  -0.0009265809807949554,
                  0,
                  -0.3880470515088892,
                  0.9216394813676028,
                  -0.0003901278173974454,
                  0,
                  0.5401076596299768,
                  2.724935795580395,
                  0.0012761190467328396,
                  1
                ],
                "geometry": "6AB9C516-992F-49DD-AE41-2D117DAAD2FD",
                "material": "D7B1FBE8-D357-4C09-B35B-EB43CC41BC68"
              },
              {
                "uuid": "9F7D7C3C-4248-463B-BC52-7FAC00A9CA50",
                "type": "Mesh",
                "name": "N3",
                "layers": 1,
                "matrix": [
                  0.0010053616403454813,
                  1.1102230246251565e-16,
                  -0.9999994946238584,
                  0,
                  -0.9216390155929977,
                  -0.38804724761871,
                  -0.0009265809807949554,
                  0,
                  -0.3880470515088892,
                  0.9216394813676028,
                  -0.0003901278173974454,
                  0,
                  -0.07666924872173375,
                  2.4652478075163646,
                  0.0006560348890492992,
                  1
                ],
                "geometry": "6AB9C516-992F-49DD-AE41-2D117DAAD2FD",
                "material": "A322CA9A-7B63-4F9A-A2E9-0FDCD498E202"
              }
            ]
          },
          {
            "uuid": "9BEEBBEE-1C32-4CCC-A158-2D11D8BCCC31",
            "type": "Group",
            "name": "N3-C2",
            "layers": 1,
            "matrix": [
              1,
              0,
              0,
              0,
              0,
              1,
              0,
              0,
              0,
              0,
              1,
              0,
              0,
              0,
              0,
              1
            ],
            "children": [
              {
                "uuid": "C19261D5-7DC4-42A5-A523-552E0DE997C6",
                "type": "Mesh",
                "name": "N3",
                "layers": 1,
                "matrix": [
                  0.0003169613989247866,
                  0,
                  -0.9999999497677348,
                  0,
                  -0.8038472908675633,
                  0.5948356647408266,
                  -0.0002547885746340128,
                  0,
                  0.5948356348608839,
                  0.803847331246636,
                  0.00018853994442658006,
                  0,
                  -0.6579559122703118,
                  2.537344641827018,
                  0.00025949460765564675,
                  1
                ],
                "geometry": "2ECB617F-4281-4ED2-B82B-FFDC02650BAF",
                "material": "DC262D70-AF90-4BBD-B249-4BDBE864B908"
              },
              {
                "uuid": "1F160C52-9A3C-4FFD-80B8-91996B7A0CCC",
                "type": "Mesh",
                "name": "C2",
                "layers": 1,
                "matrix": [
                  0.0003169613989247866,
                  0,
                  -0.9999999497677348,
                  0,
                  -0.8038472908675633,
                  0.5948356647408266,
                  -0.0002547885746340128,
                  0,
                  0.5948356348608839,
                  0.803847331246636,
                  0.00018853994442658006,
                  0,
                  -1.2037523310157572,
                  2.9412262985123525,
                  0.00008649820255188225,
                  1
                ],
                "geometry": "2ECB617F-4281-4ED2-B82B-FFDC02650BAF",
                "material": "DD9CB185-B741-4B01-8797-330BF5CD9036"
              }
            ]
          },
          {
            "uuid": "7D6F21AC-53FE-4D56-B040-6E6A95CF3FD1",
            "type": "Group",
            "name": "C2-O2",
            "layers": 1,
            "matrix": [
              1,
              0,
              0,
              0,
              0,
              1,
              0,
              0,
              0,
              0,
              1,
              0,
              0,
              0,
              0,
              1
