{
  "metadata": {
    "version": 4.5,
    "type": "Object",
    "generator": "Object3D.toJSON"
  },
  "geometries": [
    {
      "uuid": "85436642-4C66-4A7C-B590-B07B8B07CAA4",
      "type": "SphereBufferGeometry",
      "radius": 0.3875,
      "widthSegments": 10,
      "heightSegments": 10
    },
    {
      "uuid": "8C920470-62C4-4E07-9745-346170DC3967",
      "type": "SphereBufferGeometry",
      "radius": 0.425,
      "widthSegments": 10,
      "heightSegments": 10
    },
    {
      "uuid": "51A09D57-4F63-4756-BED9-503677E4B888",
      "type": "SphereBufferGeometry",
      "radius": 0.38,
      "widthSegments": 10,
      "heightSegments": 10
    },
    {
      "uuid": "3FF66C97-5D8B-4725-B5BB-2CAE5FA9A7F5",
      "type": "SphereBufferGeometry",
      "radius": 0.3875,
      "widthSegments": 10,
      "heightSegments": 10
    },
    {
      "uuid": "D6D67D13-CF9E-4E0E-9501-C2B237327C1F",
      "type": "SphereBufferGeometry",
      "radius": 0.425,
      "widthSegments": 10,
      "heightSegments": 10
    },
    {
      "uuid": "26A6268C-42FD-4F28-9C49-96A6603F431C",
      "type": "SphereBufferGeometry",
      "radius": 0.3875,
      "widthSegments": 10,
      "heightSegments": 10
    },
    {
      "uuid": "5A2061BA-9091-47FA-A4E5-A11029C6576C",
      "type": "SphereBufferGeometry",
      "radius": 0.425,
      "widthSegments": 10,
      "heightSegments": 10
    },
    {
      "uuid": "1ACB3981-0D5A-4C40-B22A-1C2E561CA202",
      "type": "SphereBufferGeometry",
      "radius": 0.425,
      "widthSegments": 10,
      "heightSegments": 10
    },
    {
      "uuid": "F364D5D4-BC67-487B-A382-A81F0C19F17F",
      "type": "SphereBufferGeometry",
      "radius": 0.425,
      "widthSegments": 10,
      "heightSegments": 10
    },
    {
      "uuid": "7DD4EEAC-266E-463F-B063-36D3DD92D0C7",
      "type": "CylinderBufferGeometry",
      "radiusTop": 0.1,
      "radiusBottom": 0.1,
      "height": 0.7448273934610641,
      "radialSegments": 8,
      "heightSegments": 8,
      "openEnded": true
    },
    {
      "uuid": "4995104B-09D1-4F88-BE9A-E281D1A1E372",
      "type": "CylinderBufferGeometry",
      "radiusTop": 0.1,
      "radiusBottom": 0.1,
      "height": 0.6798582724546351,
      "radialSegments": 8,
      "heightSegments": 8,
      "openEnded": true
    },
    {
      "uuid": "8BD1630A-BC59-4778-B438-E9B1EE365202",
      "type": "CylinderBufferGeometry",
      "radiusTop": 0.1,
      "radiusBottom": 0.1,
      "height": 0.678750590073406,
      "radialSegments": 8,
      "heightSegments": 8,
      "openEnded": true
    },
    {
      "uuid": "0E159B38-4C53-4E45-ADB0-6F043254C116",
      "type": "CylinderBufferGeometry",
      "radiusTop": 0.1,
      "radiusBottom": 0.1,
      "height": 0.7164206898533844,
      "radialSegments": 8,
      "heightSegments": 8,
      "openEnded": true
    },
    {
      "uuid": "D817B794-8EC0-4CDE-9960-D01D28FA7D77",
      "type": "CylinderBufferGeometry",
      "radiusTop": 0.1,
      "radiusBottom": 0.1,
      "height": 0.6647665715089431,
      "radialSegments": 8,
      "heightSegments": 8,
      "openEnded": true
    },
    {
      "uuid": "07B54874-2B67-4C45-9ADB-55565B1E6199",
      "type": "CylinderBufferGeometry",
      "radiusTop": 0.1,
      "radiusBottom": 0.1,
      "height": 0.6692174462198371,
      "radialSegments": 8,
      "heightSegments": 8,
      "openEnded": true
    },
    {
      "uuid": "6664015B-6D46-4096-A733-FA86626B9DA7",
      "type": "CylinderBufferGeometry",
      "radiusTop": 0.1,
      "radiusBottom": 0.1,
      "height": 0.6789802303822996,
      "radialSegments": 8,
      "heightSegments": 8,
      "openEnded": true
    },
    {
      "uuid": "D0371215-E8C6-4016-A568-55C76E52A21F",
      "type": "CylinderBufferGeometry",
      "radiusTop": 0.1,
      "radiusBottom": 0.1,
      "height": 0.6171541761456467,
      "radialSegments": 8,
      "heightSegments": 8,
      "openEnded": true
    },
    {
      "uuid": "B3EEB155-307F-443E-AD6C-C50941A36B56",
      "type": "CylinderBufferGeometry",
      "radiusTop": 0.1,
      "radiusBottom": 0.1,
      "height": 0.6962119219210494,
      "radialSegments": 8,
      "heightSegments": 8,
      "openEnded": true
    }
  ],
  "materials": [
    {
      "uuid": "68A80D91-E9FE-44C6-93C8-E971CF993630",
      "type": "MeshToonMaterial",
      "color": 170,
      "emissive": 0,
      "depthFunc": 3,
      "depthTest": true,
      "depthWrite": true,
      "stencilWrite": false,
      "stencilWriteMask": 255,
      "stencilFunc": 519,
      "stencilRef": 0,
      "stencilFuncMask": 255,
      "stencilFail": 7680,
      "stencilZFail": 7680,
      "stencilZPass": 7680
    },
    {
      "uuid": "5DB49C92-FD55-42F4-A62A-A9112C773C1D",
      "type": "MeshToonMaterial",
      "color": 11184810,
      "emissive": 0,
      "depthFunc": 3,
      "depthTest": true,
      "depthWrite": true,
      "stencilWrite": false,
      "stencilWriteMask": 255,
      "stencilFunc": 519,
      "stencilRef": 0,
      "stencilFuncMask": 255,
      "stencilFail": 7680,
      "stencilZFail": 7680,
      "stencilZPass": 7680
    },
    {
      "uuid": "FB437813-3438-43C8-8817-B6B5A18A3C8B",
      "type": "MeshToonMaterial",
      "color": 14483456,
      "emissive": 0,
      "depthFunc": 3,
      "depthTest": true,
      "depthWrite": true,
      "stencilWrite": false,
      "stencilWriteMask": 255,
      "stencilFunc": 519,
      "stencilRef": 0,
      "stencilFuncMask": 255,
      "stencilFail": 7680,
      "stencilZFail": 7680,
      "stencilZPass": 7680
    },
    {
      "uuid": "7E23AE7F-2251-4BDA-A615-181BDD6CB2D0",
      "type": "MeshToonMaterial",
      "color": 170,
      "emissive": 0,
      "depthFunc": 3,
      "depthTest": true,
      "depthWrite": true,
      "stencilWrite": false,
      "stencilWriteMask": 255,
      "stencilFunc": 519,
      "stencilRef": 0,
      "stencilFuncMask": 255,
      "stencilFail": 7680,
      "stencilZFail": 7680,
      "stencilZPass": 7680
    },
    {
      "uuid": "016888DB-18F1-47A1-BF4F-2D0463971ED5",
      "type": "MeshToonMaterial",
      "color": 11184810,
      "emissive": 0,
      "depthFunc": 3,
      "depthTest": true,
      "depthWrite": true,
      "stencilWrite": false,
      "stencilWriteMask": 255,
      "stencilFunc": 519,
      "stencilRef": 0,
      "stencilFuncMask": 255,
      "stencilFail": 7680,
      "stencilZFail": 7680,
      "stencilZPass": 7680
    },
    {
      "uuid": "B81EF6E9-E094-4E9B-9AC5-934C89887141",
      "type": "MeshToonMaterial",
      "color": 170,
      "emissive": 0,
      "depthFunc": 3,
      "depthTest": true,
      "depthWrite": true,
      "stencilWrite": false,
      "stencilWriteMask": 255,
      "stencilFunc": 519,
      "stencilRef": 0,
      "stencilFuncMask": 255,
      "stencilFail": 7680,
      "stencilZFail": 7680,
      "stencilZPass": 7680
    },
    {
      "uuid": "9517AECA-1187-4851-B746-61E2F37D420D",
      "type": "MeshToonMaterial",
      "color": 11184810,
      "emissive": 0,
      "depthFunc": 3,
      "depthTest": true,
      "depthWrite": true,
      "stencilWrite": false,
      "stencilWriteMask": 255,
      "stencilFunc": 519,
      "stencilRef": 0,
      "stencilFuncMask": 255,
      "stencilFail": 7680,
      "stencilZFail": 7680,
      "stencilZPass": 7680
    },
    {
      "uuid": "8CC2A49B-C7E1-4846-9C15-48E0FC4F7CF4",
      "type": "MeshToonMaterial",
      "color": 11184810,
      "emissive": 0,
      "depthFunc": 3,
      "depthTest": true,
      "depthWrite": true,
      "stencilWrite": false,
      "stencilWriteMask": 255,
      "stencilFunc": 519,
      "stencilRef": 0,
      "stencilFuncMask": 255,
      "stencilFail": 7680,
      "stencilZFail": 7680,
      "stencilZPass": 7680
    },
    {
      "uuid": "219F54F2-CA7D-42FB-8505-096BFB6F0369",
      "type": "MeshToonMaterial",
      "color": 11184810,
      "emissive": 0,
      "depthFunc": 3,
      "depthTest": true,
      "depthWrite": true,
      "stencilWrite": false,
      "stencilWriteMask": 255,
      "stencilFunc": 519,
      "stencilRef": 0,
      "stencilFuncMask": 255,
      "stencilFail": 7680,
      "stencilZFail": 7680,
      "stencilZPass": 7680
    },
    {
      "uuid": "B2D06180-0E57-443C-B5D5-E4143848EF72",
      "type": "MeshToonMaterial",
      "color": 11184810,
      "emissive": 0,
      "depthFunc": 3,
      "depthTest": true,
      "depthWrite": true,
      "stencilWrite": false,
      "stencilWriteMask": 255,
      "stencilFunc": 519,
      "stencilRef": 0,
      "stencilFuncMask": 255,
      "stencilFail": 7680,
      "stencilZFail": 7680,
      "stencilZPass": 7680
    },
    {
      "uuid": "99036E00-411A-4573-8773-DCBE9A40FD2A",
      "type": "MeshToonMaterial",
      "color": 170,
      "emissive": 0,
      "depthFunc": 3,
      "depthTest": true,
      "depthWrite": true,
      "stencilWrite": false,
      "stencilWriteMask": 255,
      "stencilFunc": 519,
      "stencilRef": 0,
      "stencilFuncMask": 255,
      "stencilFail": 7680,
      "stencilZFail": 7680,
      "stencilZPass": 7680
    },
    {
      "uuid": "4E1D1BD7-F11B-407F-B066-AD00AEEB2D88",
      "type": "MeshToonMaterial",
      "color": 170,
      "emissive": 0,
      "depthFunc": 3,
      "depthTest": true,
      "depthWrite": true,
      "stencilWrite": false,
      "stencilWriteMask": 255,
      "stencilFunc": 519,
      "stencilRef": 0,
      "stencilFuncMask": 255,
      "stencilFail": 7680,
      "stencilZFail": 7680,
      "stencilZPass": 7680
    },
    {
      "uuid": "7D9E1AFE-6C4E-4A9F-B73D-5A5F72507A05",
      "type": "MeshToonMaterial",
      "color": 11184810,
      "emissive": 0,
      "depthFunc": 3,
      "depthTest": true,
      "depthWrite": true,
      "stencilWrite": false,
      "stencilWriteMask": 255,
      "stencilFunc": 519,
      "stencilRef": 0,
      "stencilFuncMask": 255,
      "stencilFail": 7680,
      "stencilZFail": 7680,
      "stencilZPass": 7680
    },
    {
      "uuid": "5BA04595-A279-4EFF-839C-973B72AC1671",
      "type": "MeshToonMaterial",
      "color": 11184810,
      "emissive": 0,
      "depthFunc": 3,
      "depthTest": true,
      "depthWrite": true,
      "stencilWrite": false,
      "stencilWriteMask": 255,
      "stencilFunc": 519,
      "stencilRef": 0,
      "stencilFuncMask": 255,
      "stencilFail": 7680,
      "stencilZFail": 7680,
      "stencilZPass": 7680
    },
    {
      "uuid": "344ABB4E-EB40-4542-9F78-51105CDBF676",
      "type": "MeshToonMaterial",
      "color": 11184810,
      "emissive": 0,
      "depthFunc": 3,
      "depthTest": true,
      "depthWrite": true,
      "stencilWrite": false,
      "stencilWriteMask": 255,
      "stencilFunc": 519,
      "stencilRef": 0,
      "stencilFuncMask": 255,
      "stencilFail": 7680,
      "stencilZFail": 7680,
      "stencilZPass": 7680
    },
    {
      "uuid": "8FF0FD6D-A5C6-441D-8B99-F667C72CE895",
      "type": "MeshToonMaterial",
      "color": 11184810,
      "emissive": 0,
      "depthFunc": 3,
      "depthTest": true,
      "depthWrite": true,
      "stencilWrite": false,
      "stencilWriteMask": 255,
      "stencilFunc": 519,
      "stencilRef": 0,
      "stencilFuncMask": 255,
      "stencilFail": 7680,
      "stencilZFail": 7680,
      "stencilZPass": 7680
    },
    {
      "uuid": "18C19895-3A7B-4482-A601-1039E038E193",
      "type": "MeshToonMaterial",
      "color": 11184810,
      "emissive": 0,
      "depthFunc": 3,
      "depthTest": true,
      "depthWrite": true,
      "stencilWrite": false,
      "stencilWriteMask": 255,
      "stencilFunc": 519,
      "stencilRef": 0,
      "stencilFuncMask": 255,
      "stencilFail": 7680,
      "stencilZFail": 7680,
      "stencilZPass": 7680
    },
    {
      "uuid": "A94925EF-9647-4DC6-8D2F-87AAD17D69F2",
      "type": "MeshToonMaterial",
      "color": 11184810,
      "emissive": 0,
      "depthFunc": 3,
      "depthTest": true,
      "depthWrite": true,
      "stencilWrite": false,
      "stencilWriteMask": 255,
      "stencilFunc": 519,
      "stencilRef": 0,
      "stencilFuncMask": 255,
      "stencilFail": 7680,
      "stencilZFail": 7680,
      "stencilZPass": 7680
    },
    {
      "uuid": "8F64824E-FEEB-4C52-81D0-345C46814B08",
      "type": "MeshToonMaterial",
      "color": 170,
      "emissive": 0,
      "depthFunc": 3,
      "depthTest": true,
      "depthWrite": true,
      "stencilWrite": false,
      "stencilWriteMask": 255,
      "stencilFunc": 519,
      "stencilRef": 0,
      "stencilFuncMask": 255,
      "stencilFail": 7680,
      "stencilZFail": 7680,
      "stencilZPass": 7680
    },
    {
      "uuid": "67998B0E-ECD6-46B9-9170-D36435B87533",
      "type": "MeshToonMaterial",
      "color": 11184810,
      "emissive": 0,
      "depthFunc": 3,
      "depthTest": true,
      "depthWrite": true,
      "stencilWrite": false,
      "stencilWriteMask": 255,
      "stencilFunc": 519,
      "stencilRef": 0,
      "stencilFuncMask": 255,
      "stencilFail": 7680,
      "stencilZFail": 7680,
      "stencilZPass": 7680
    },
    {
      "uuid": "72FB3909-12F8-4DAF-9491-AA6B5D5C99D4",
      "type": "MeshToonMaterial",
      "color": 170,
      "emissive": 0,
      "depthFunc": 3,
      "depthTest": true,
      "depthWrite": true,
      "stencilWrite": false,
      "stencilWriteMask": 255,
      "stencilFunc": 519,
      "stencilRef": 0,
      "stencilFuncMask": 255,
      "stencilFail": 7680,
      "stencilZFail": 7680,
      "stencilZPass": 7680
    },
    {
      "uuid": "ACA3B8B3-6758-4807-A2DA-4D2C45BDDF55",
      "type": "MeshToonMaterial",
      "color": 170,
      "emissive": 0,
      "depthFunc": 3,
      "depthTest": true,
      "depthWrite": true,
      "stencilWrite": false,
      "stencilWriteMask": 255,
      "stencilFunc": 519,
      "stencilRef": 0,
      "stencilFuncMask": 255,
      "stencilFail": 7680,
      "stencilZFail": 7680,
      "stencilZPass": 7680
    },
    {
      "uuid": "1552AE39-86F6-4A40-915B-0200A112F678",
      "type": "MeshToonMaterial",
      "color": 11184810,
      "emissive": 0,
      "depthFunc": 3,
      "depthTest": true,
      "depthWrite": true,
      "stencilWrite": false,
      "stencilWriteMask": 255,
      "stencilFunc": 519,
      "stencilRef": 0,
      "stencilFuncMask": 255,
      "stencilFail": 7680,
      "stencilZFail": 7680,
      "stencilZPass": 7680
    },
    {
      "uuid": "B9A1E0DC-5F51-4CD2-96E4-F5D828309895",
      "type": "MeshToonMaterial",
      "color": 11184810,
      "emissive": 0,
      "depthFunc": 3,
      "depthTest": true,
      "depthWrite": true,
      "stencilWrite": false,
      "stencilWriteMask": 255,
      "stencilFunc": 519,
      "stencilRef": 0,
      "stencilFuncMask": 255,
      "stencilFail": 7680,
      "stencilZFail": 7680,
      "stencilZPass": 7680
    },
    {
      "uuid": "038C95C9-F47D-4C8E-82EF-7EC9E5A8B8F1",
      "type": "MeshToonMaterial",
      "color": 14483456,
      "emissive": 0,
      "depthFunc": 3,
      "depthTest": true,
      "depthWrite": true,
      "stencilWrite": false,
      "stencilWriteMask": 255,
      "stencilFunc": 519,
      "stencilRef": 0,
      "stencilFuncMask": 255,
      "stencilFail": 7680,
      "stencilZFail": 7680,
      "stencilZPass": 7680
    },
    {
      "uuid": "3108B678-B198-43BA-BDFA-FC2AD1AD94B8",
      "type": "MeshToonMaterial",
      "color": 11184810,
      "emissive": 0,
      "depthFunc": 3,
      "depthTest": true,
      "depthWrite": true,
      "stencilWrite": false,
      "stencilWriteMask": 255,
      "stencilFunc": 519,
      "stencilRef": 0,
      "stencilFuncMask": 255,
      "stencilFail": 7680,
      "stencilZFail": 7680,
      "stencilZPass": 7680
    },
    {
      "uuid": "3C5A160B-9E6E-443D-AD55-8494FB080CE7",
      "type": "MeshToonMaterial",
      "color": 170,
      "emissive": 0,
      "depthFunc": 3,
      "depthTest": true,
      "depthWrite": true,
      "stencilWrite": false,
      "stencilWriteMask": 255,
      "stencilFunc": 519,
      "stencilRef": 0,
      "stencilFuncMask": 255,
      "stencilFail": 7680,
      "stencilZFail": 7680,
      "stencilZPass": 7680
    }
  ],
  "object": {
    "uuid": "8618BC47-8220-4281-B8FE-837CC73704BC",
    "type": "Group",
    "layers": 1,
    "matrix": [
      1,
      0,
      0,
      0,
      0,
      -1,
      1.2246467991473532e-16,
      0,
      0,
      -1.2246467991473532e-16,
      -1,
      0,
      0,
      0,
      0,
      1
    ],
    "children": [
      {
        "uuid": "AA6D75F8-3776-4626-A2F5-F8AC477BF6A2",
        "type": "Group",
        "name": "atoms",
        "layers": 1,
        "matrix": [
          1,
          0,
          0,
          0,
          0,
          1,
          0,
          0,
          0,
          0,
          1,
          0,
          0,
          0,
          0,
          1
        ],
        "children": [
          {
            "uuid": "22D46395-2E1A-4F8A-B96C-F8DAA173E878",
            "type": "Mesh",
            "name": "N1",
            "layers": 1,
            "matrix": [
              1,
              0,
              0,
              0,
              0,
              1,
              0,
              0,
              0,
              0,
              1,
              0,
              -1.28657765449683,
              4.52255701334427,
              2.77555756156289e-17,
              1
            ],
            "geometry": "85436642-4C66-4A7C-B590-B07B8B07CAA4",
            "material": "68A80D91-E9FE-44C6-93C8-E971CF993630"
          },
          {
            "uuid": "FAFA1038-83D1-42B0-B2CC-2FF6118D8494",
            "type": "Mesh",
            "name": "C2",
            "layers": 1,
            "matrix": [
              1,
              0,
              0,
              0,
              0,
              1,
              0,
              0,
              0,
              0,
              1,
              0,
              -1.47665054038848,
              3.14316712685502,
              0,
              1
            ],
            "geometry": "8C920470-62C4-4E07-9745-346170DC3967",
            "material": "5DB49C92-FD55-42F4-A62A-A9112C773C1D"
          },
          {
            "uuid": "CE4ECEFF-5A76-4A25-9A1D-8C8D4DCA9358",
            "type": "Mesh",
            "name": "O2",
            "layers": 1,
            "matrix": [
              1,
              0,
              0,
              0,
              0,
              1,
              0,
              0,
              0,
              0,
              1,
              0,
              -2.62254356529968,
              2.68442396996229,
              0.001,
              1
            ],
            "geometry": "51A09D57-4F63-4756-BED9-503677E4B888",
            "material": "FB437813-3438-43C8-8817-B6B5A18A3C8B"
          },
          {
            "uuid": "473A6F83-8272-4B9F-AB3F-DD3798AFE051",
            "type": "Mesh",
            "name": "N3",
            "layers": 1,
            "matrix": [
              1,
              0,
              0,
              0,
              0,
              1,
              0,
              0,
              0,
              0,
              1,
              0,
              -0.385057702897589,
              2.33540381348435,
              0.000345992810207529,
              1
            ],
            "geometry": "3FF66C97-5D8B-4725-B5BB-2CAE5FA9A7F5",
            "material": "7E23AE7F-2251-4BDA-A615-181BDD6CB2D0"
          },
          {
            "uuid": "64B80D70-54F4-4B4B-943C-65CE220A2676",
            "type": "Mesh",
            "name": "C4",
            "layers": 1,
            "matrix": [
              1,
              0,
              0,
              0,
              0,
              1,
              0,
              0,
              0,
              0,
              1,
              0,
              0.848496113805832,
              2.85477978961241,
              0.00158616112557461,
              1
            ],
            "geometry": "D6D67D13-CF9E-4E0E-9501-C2B237327C1F",
            "material": "016888DB-18F1-47A1-BF4F-2D0463971ED5"
          },
          {
            "uuid": "7AAF31C6-B53E-4DCC-9725-2EC75DBD3990",
            "type": "Mesh",
            "name": "N4",
            "layers": 1,
            "matrix": [
              1,
              0,
              0,
              0,
              0,
              1,
              0,
              0,
              0,
              0,
              1,
              0,
              1.88303685950519,
              2.0196848966296,
              0.001,
              1
            ],
            "geometry": "26A6268C-42FD-4F28-9C49-96A6603F431C",
            "material": "B81EF6E9-E094-4E9B-9AC5-934C89887141"
          },
          {
            "uuid": "80765FA5-63B2-46A0-8D86-E7BD97BB316C",
            "type": "Mesh",
            "name": "C5",
            "layers": 1,
            "matrix": [
              1,
              0,
              0,
              0,
              0,
              1,
              0,
              0,
              0,
              0,
              1,
              0,
              1.06531043633039,
              4.27112225105204,
              0.00155664258340361,
              1
            ],
            "geometry": "5A2061BA-9091-47FA-A4E5-A11029C6576C",
            "material": "9517AECA-1187-4851-B746-61E2F37D420D"
          },
          {
            "uuid": "428C2884-8EA3-4B8C-924D-7DE4728B1E11",
            "type": "Mesh",
            "name": "C6",
            "layers": 1,
            "matrix": [
              1,
              0,
              0,
              0,
              0,
              1,
              0,
              0,
              0,
              0,
              1,
              0,
              -0.0382837938843514,
              5.06162143324159,
              0.00103501592415939,
              1
            ],
            "geometry": "1ACB3981-0D5A-4C40-B22A-1C2E561CA202",
            "material": "8CC2A49B-C7E1-4846-9C15-48E0FC4F7CF4"
          },
          {
            "uuid": "1B3B9E99-E327-49A4-9C68-D299CFB4FDE5",
            "type": "Mesh",
            "name": "C1",
            "layers": 1,
            "matrix": [
              1,
              0,
              0,
              0,
              0,
              1,
              0,
              0,
              0,
              0,
              1,
              0,
              -2.497968425359,
              5.3895078680471,
              -5.55111512312578e-17,
              1
            ],
            "geometry": "F364D5D4-BC67-487B-A382-A81F0C19F17F",
            "material": "219F54F2-CA7D-42FB-8505-096BFB6F0369"
          }
        ]
      },
      {
        "uuid": "3702DE38-DA08-477D-9270-F532F9375348",
        "type": "Group",
        "name": "bonds",
        "layers": 1,
        "matrix": [
          1,
          0,
          0,
          0,
          0,
          1,
          0,
          0,
          0,
          0,
          1,
          0,
          0,
          0,
          0,
          1
        ],
        "children": [
          {
            "uuid": "01E19E4D-27A6-40F7-AC14-DE289918E48A",
            "type": "Group",
            "name": "C1-N1",
            "layers": 1,
            "matrix": [
              1,
              0,
              0,
              0,
              0,
              1,
              0,
              0,
              0,
              0,
              1,
              0,
              0,
              0,
              0,
              1
            ],
            "children": [
              {
                "uuid": "288B86A9-CDDB-4B50-94CC-4B32C5303DBA",
                "type": "Mesh",
                "name": "C1",
                "layers": 1,
                "matrix": [
                  -2.2204460492503128e-16,
                  5.551115123125782e-17,
                  0.9999999999999999,
                  0,
                  0.813202348287084,
                  -0.5819810484374662,
                  2.2204460492503136e-16,
                  0,
                  0.5819810484374661,
                  0.8132023482870838,
                  0,
                  0,
                  -2.1951207326434576,
                  5.172770154371392,
                  -3.469446951953613e-17,
                  1
                ],
                "geometry": "7DD4EEAC-266E-463F-B063-36D3DD92D0C7",
                "material": "B2D06180-0E57-443C-B5D5-E4143848EF72"
              },
              {
                "uuid": "B77CD16C-B5CC-4D56-8347-C0BF986CF68A",
                "type": "Mesh",
                "name": "N1",
                "layers": 1,
                "matrix": [
                  -2.2204460492503128e-16,
                  5.551115123125782e-17,
                  0.9999999999999999,
                  0,
                  0.813202348287084,
                  -0.5819810484374662,
                  2.2204460492503136e-16,
                  0,
                  0.5819810484374661,
                  0.8132023482870838,
                  0,
                  0,
                  -1.5894253472123725,
                  4.739294727019978,
                  6.938893903907225e-18,
                  1
                ],
                "geometry": "7DD4EEAC-266E-463F-B063-36D3DD92D0C7",
                "material": "99036E00-411A-4573-8773-DCBE9A40FD2A"
              }
            ]
          },
          {
            "uuid": "E9D2C6AE-CDF5-4265-819D-5D2ED79BAB80",
            "type": "Group",
            "name": "N1-C6",
            "layers": 1,
            "matrix": [
              1,
              0,
              0,
              0,
              0,
              1,
              0,
              0,
              0,
              0,
              1,
              0,
              0,
              0,
              0,
              1
            ],
            "children": [
              {
                "uuid": "6320E371-B156-4FD6-A7A7-69BAE02ACB7A",
                "type": "Mesh",
                "name": "N1",
                "layers": 1,
                "matrix": [
                  -0.0008291441631185225,
                  2.2204460492503128e-16,
                  0.9999996562599195,
                  0,
                  0.9180544763436511,
                  0.39645352696159913,
                  0.0007611997721396756,
                  0,
                  -0.3964533906846321,
                  0.9180547919158794,
                  -0.00032871712782833734,
                  0,
                  -0.9745041893437103,
                  4.657323118318599,
                  0.00025875398103986834,
                  1
                ],
                "geometry": "4995104B-09D1-4F88-BE9A-E281D1A1E372",
                "material": "4E1D1BD7-F11B-407F-B066-AD00AEEB2D88"
              },
              {
                "uuid": "90D74C0E-80BA-4C05-A3F0-6F2119B8955B",
                "type": "Mesh",
                "name": "C6",
                "layers": 1,
                "matrix": [
                  -0.0008291441631185225,
                  2.2204460492503128e-16,
                  0.9999996562599195,
                  0,
                  0.9180544763436511,
                  0.39645352696159913,
                  0.0007611997721396756,
                  0,
                  -0.3964533906846321,
                  0.9180547919158794,
                  -0.00032871712782833734,
                  0,
                  -0.35035725903747106,
                  4.92685532826726,
                  0.0007762619431195496,
                  1
                ],
                "geometry": "4995104B-09D1-4F88-BE9A-E281D1A1E372",
                "material": "7D9E1AFE-6C4E-4A9F-B73D-5A5F72507A05"
              }
            ]
          },
          {
            "uuid": "10184F88-3CEC-482A-8CE3-D4A99D1361A1",
            "type": "Group",
            "name": "C6-C5",
            "layers": 1,
            "matrix": [
              1,
              0,
              0,
              0,
              0,
              1,
              0,
              0,
              0,
              0,
              1,
              0,
              0,
              0,
              0,
              1
            ],
            "children": [
              {
                "uuid": "D81CEF17-9BEE-40B0-8791-F6095E88AB09",
                "type": "Mesh",
                "name": "C6",
                "layers": 1,
                "matrix": [
                  -0.00047266158765135735,
                  -1.1102230246251565e-16,
                  0.9999998882955056,
                  0,
                  0.8129600521565581,
                  -0.5823193333092046,
                  0.00038425503187239357,
                  0,
                  0.582319268261518,
                  0.8129601429678599,
                  0.0002752399806019712,
                  0,
                  0.23761476366933393,
                  4.863996637694202,
                  0.001165422588970445,
                  1
                ],
                "geometry": "8BD1630A-BC59-4778-B438-E9B1EE365202",
                "material": "5BA04595-A279-4EFF-839C-973B72AC1671"
              },
              {
                "uuid": "5E923662-E98B-4566-8B59-F4F1852FE99C",
                "type": "Mesh",
                "name": "C5",
                "layers": 1,
                "matrix": [
                  -0.00047266158765135735,
                  -1.1102230246251565e-16,
                  0.9999998882955056,
                  0,
                  0.8129600521565581,
                  -0.5823193333092046,
                  0.00038425503187239357,
                  0,
                  0.582319268261518,
                  0.8129601429678599,
                  0.0002752399806019712,
                  0,
                  0.7894118787767046,
                  4.468747046599427,
                  0.001426235918592555,
                  1
                ],
                "geometry": "8BD1630A-BC59-4778-B438-E9B1EE365202",
                "material": "344ABB4E-EB40-4542-9F78-51105CDBF676"
              }
            ]
          },
          {
            "uuid": "BC59508B-9ADE-47BA-B9E1-97CB0B22AB1C",
            "type": "Group",
            "name": "C5-C4",
            "layers": 1,
            "matrix": [
              1,
              0,
              0,
              0,
              0,
              1,
              0,
              0,
              0,
              0,
              1,
              0,
              0,
              0,
              0,
              1
            ],
            "children": [
              {
                "uuid": "0A3FA7AC-0A2A-4FBC-B974-C083D482DCAC",
                "type": "Mesh",
                "name": "C5",
                "layers": 1,
                "matrix": [
                  -0.0001361466417613144,
                  1.3877787807814457e-17,
                  -0.9999999907320459,
                  0,
                  -0.15131774221158317,
                  -0.9884851746321597,
                  0.000020601402631922894,
                  0,
                  -0.9884851654709245,
                  0.1513177436139891,
                  0.00013457893695689727,
                  0,
                  1.0111068556992504,
                  3.9170366356921322,
                  0.00156402221894636,
                  1
                ],
                "geometry": "0E159B38-4C53-4E45-ADB0-6F043254C116",
                "material": "8FF0FD6D-A5C6-441D-8B99-F667C72CE895"
              },
              {
                "uuid": "F8A07B42-7BAC-41C1-AB10-CEFA2CF28DF4",
                "type": "Mesh",
                "name": "C4",
                "layers": 1,
                "matrix": [
                  -0.0001361466417613144,
                  1.3877787807814457e-17,
                  -0.9999999907320459,
                  0,
                  -0.15131774221158317,
                  -0.9884851746321597,
                  0.000020601402631922894,
                  0,
                  -0.9884851654709245,
                  0.1513177436139891,
                  0.00013457893695689727,
                  0,
                  0.9026996944369715,
                  3.2088654049723173,
                  0.00157878149003186,
                  1
                ],
                "geometry": "0E159B38-4C53-4E45-ADB0-6F043254C116",
                "material": "18C19895-3A7B-4482-A601-1039E038E193"
              }
            ]
          },
          {
            "uuid": "A4D92E47-7FFA-4156-B399-516B48E564D2",
            "type": "Group",
            "name": "C4-N4",
            "layers": 1,
            "matrix": [
              1,
              0,
              0,
              0,
              0,
              1,
              0,
              0,
              0,
              0,
              1,
              0,
              0,
              0,
              0,
              1
            ],
            "children": [
              {
                "uuid": "46C5773B-DA20-4CB8-82D4-9F57C6CEE40F",
                "type": "Mesh",
                "name": "C4",
                "layers": 1,
                "matrix": [
                  0.0005665905706712104,
                  -5.551115123125783e-17,
                  0.9999998394875498,
                  0,
                  0.7781233218083381,
                  -0.6281113768155047,
                  -0.00044087740772236206,
                  0,
                  0.6281112759958084,
                  0.778123446706839,
                  -0.0003558819834350579,
                  0,
                  1.1071313002306715,
                  2.6460060663667075,
                  0.0014396208441809573,
                  1
                ],
                "geometry": "D817B794-8EC0-4CDE-9960-D01D28FA7D77",
                "material": "A94925EF-9647-4DC6-8D2F-87AAD17D69F2"
              },
              {
                "uuid": "2918E8D6-26FD-4439-87ED-D8C0FAA2C874",
                "type": "Mesh",
                "name": "N4",
                "layers": 1,
                "matrix": [
                  0.0005665905706712104,
                  -5.551115123125783e-17,
                  0.9999998394875498,
                  0,
                  0.7781233218083381,
                  -0.6281113768155047,
                  -0.00044087740772236206,
                  0,
                  0.6281112759958084,
                  0.778123446706839,
                  -0.0003558819834350579,
                  0,
                  1.6244016730803505,
                  2.228458619875303,
                  0.0011465402813936524,
                  1
                ],
                "geometry": "D817B794-8EC0-4CDE-9960-D01D28FA7D77",
                "material": "8F64824E-FEEB-4C52-81D0-345C46814B08"
              }
            ]
          },
          {
            "uuid": "A41F6DE7-A348-4C67-87A2-FE8D1305AF78",
            "type": "Group",
            "name": "C4-N3",
            "layers": 1,
            "matrix": [
              1,
              0,
              0,
              0,
              0,
              1,
              0,
              0,
              0,
              0,
              1,
              0,
              0,
              0,
              0,
              1
            ],
            "children": [
              {
                "uuid": "992D16D3-2B60-49CB-AC83-1C440E6D6C49",
                "type": "Mesh",
                "name": "C4",
                "layers": 1,
                "matrix": [
                  0.0010053616403454813,
                  1.1102230246251565e-16,
                  -0.9999994946238584,
                  0,
                  -0.9216390155929977,
                  -0.38804724761871,
                  -0.0009265809807949554,
                  0,
                  -0.3880470515088892,
                  0.9216394813676028,
                  -0.0003901278173974454,
                  0,
                  0.5401076596299768,
                  2.724935795580395,
                  0.0012761190467328396,
                  1
                ],
                "geometry": "07B54874-2B67-4C45-9ADB-55565B1E6199",
                "material": "67998B0E-ECD6-46B9-9170-D36435B87533"
              },
              {
                "uuid": "547552AB-FF3A-44F3-B2F3-6771E63835FD",
                "type": "Mesh",
                "name": "N3",
                "layers": 1,
                "matrix": [
                  0.0010053616403454813,
                  1.1102230246251565e-16,
                  -0.9999994946238584,
                  0,
                  -0.9216390155929977,
                  -0.38804724761871,
                  -0.0009265809807949554,
                  0,
                  -0.3880470515088892,
                  0.9216394813676028,
                  -0.0003901278173974454,
                  0,
                  -0.07666924872173375,
                  2.4652478075163646,
                  0.0006560348890492992,
                  1
                ],
                "geometry": "07B54874-2B67-4C45-9ADB-55565B1E6199",
                "material": "72FB3909-12F8-4DAF-9491-AA6B5D5C99D4"
              }
            ]
          },
          {
            "uuid": "C7F573A0-1562-49DA-8677-191F08D19D7D",
            "type": "Group",
            "name": "N3-C2",
            "layers": 1,
            "matrix": [
              1,
              0,
              0,
              0,
              0,
              1,
              0,
              0,
              0,
              0,
              1,
              0,
              0,
              0,
              0,
              1
            ],
            "children": [
              {
                "uuid": "F91594FE-E0D3-43A3-A2FA-B1B2CBA04500",
                "type": "Mesh",
                "name": "N3",
                "layers": 1,
                "matrix": [
                  0.0003169613989247866,
                  0,
                  -0.9999999497677348,
                  0,
                  -0.8038472908675633,
                  0.5948356647408266,
                  -0.0002547885746340128,
                  0,
                  0.5948356348608839,
                  0.803847331246636,
                  0.00018853994442658006,
                  0,
                  -0.6579559122703118,
                  2.537344641827018,
                  0.00025949460765564675,
                  1
                ],
                "geometry": "6664015B-6D46-4096-A733-FA86626B9DA7",
                "material": "ACA3B8B3-6758-4807-A2DA-4D2C45BDDF55"
              },
              {
                "uuid": "B2A8B0DC-25E2-4D41-A3B5-9A0B43D655A0",
                "type": "Mesh",
                "name": "C2",
                "layers": 1,
                "matrix": [
                  0.0003169613989247866,
                  0,
                  -0.9999999497677348,
                  0,
                  -0.8038472908675633,
                  0.5948356647408266,
                  -0.0002547885746340128,
                  0,
                  0.5948356348608839,
                  0.803847331246636,
                  0.00018853994442658006,
                  0,
                  -1.2037523310157572,
                  2.9412262985123525,
                  0.00008649820255188225,
                  1
                ],
                "geometry": "6664015B-6D46-4096-A733-FA86626B9DA7",
                "material": "1552AE39-86F6-4A40-915B-0200A112F678"
              }
            ]
          },
          {
            "uuid": "A6765EA6-F5F5-431E-A5D2-6864E11A294D",
            "type": "Group",
            "name": "C2-O2",
            "layers": 1,
            "matrix": [
              1,
              0,
              0,
              0,
              0,
              1,
              0,
              0,
              0,
              0,
              1,
              0,
              0,
              0,
