{
    "sequence" : "AAAA",
    "shapes" : [
         1.6276,
        -1.0846,
         0.6077,
         0.1011,
         0.0187,
        -0.2521,
        -0.3243,
         0.2262,
         3.3521,
        -0.6092,
         0.0651,
         3.4270,
         1.1351,
        -1.7859,
         0.3712,
         0.1218,
         0.0157,
        -0.0616,
        -0.2075,
         0.2182,
         3.2959,
        -0.3068,
        -0.2348,
         3.4361,
         0.4380,
        -1.8399,
         0.2730,
         0.1353,
         0.0118,
        -0.0161,
        -0.2597,
         0.1049,
         3.1880,
        -0.1873,
        -0.5006,
         3.3324,
         0.0969,
        -1.3087,
         0.1219,
         0.2154,
         0.0374,
         0.1627
    ],
    "coords" : [
        {
            "D" : [
                0.9925,   -0.0681,   -0.1015,
                0.0510,    0.9854,   -0.1626,
                0.1110,    0.1563,    0.9815
            ],
            "Dc" : [
                 0.9925,    0.0510,    0.1110,
                -0.0681,    0.9854,    0.1563,
                -0.1015,   -0.1626,    0.9815
            ],
            "r" : [
                0.0505,
                0.0093,
                -0.1261
            ],
            "rc" : [
                -0.0505,
                -0.0093,
                0.1261
            ]
        },
        {
            "D" : [
                0.7723,   -0.6335,   -0.0481,
                0.6247,    0.7709,   -0.1243,
                0.1158,    0.0659,    0.9911
            ],
            "Dc" : [
                0.8087,   -0.5803,    0.0965,
                0.5418,    0.7986,    0.2622,
               -0.2292,   -0.1598,    0.9602
            ],
            "r" : [
            -0.4987,
             0.0263,
             3.4042
            ],
            "rc" : [
                -0.5851,
                -0.0549,
                 3.4736
            ]
        },
        {
            "D" : [
                0.2571,   -0.9664,    0.0049,
                0.9648,    0.2564,   -0.0583,
                0.0551,    0.0197,    0.9983
            ],
            "Dc" : [
                0.3041,   -0.9523,    0.0241,
                0.9035,    0.2964,    0.3097,
               -0.3020,   -0.0724,    0.9505
            ],
            "r" : [
                -0.4368,
                 0.0127,
                 6.8786
            ],
            "rc" : [
                -0.4634,
                -0.1173,
                 6.9119
            ]
        },
        {
            "D" : [
                -0.3382,   -0.9410,    0.0146,
                 0.9408,   -0.3377,    0.0277,
                -0.0211,    0.0231,    0.9995
            ],
            "Dc" : [
                -0.3056,   -0.9481,   -0.0879,
                 0.9107,   -0.3180,    0.2637,
                -0.2779,    0.0005,    0.9606
            ],
            "r" : [
                -0.0387,
                 0.3515,
                10.2889
            ],
            "rc" : [
                0.0728,
                0.1388,
                10.1602
            ]
        }
    ]
}

