{
    "sequence" : "GC",
    "shapes" : [
        -0.4048,
         0.4431,
         0.1085,
        -0.2045,
        -0.0107,
         0.0622,
         0.0000,
        -0.0207,
         2.9140,
        -0.0000,
        -0.2448,
         3.3288,
         0.4048,
         0.4431,
         0.1085,
         0.2045,
        -0.0107,
         0.0622
    ],
    "coords" : [
        {
            "D" : [
                0.9990,   -0.0117,    0.0440,
                0.0099,    0.9991,    0.0406,
               -0.0444,   -0.0402,    0.9982 
            ],
            "Dc" : [
                0.9990,    0.0099,   -0.0444,
               -0.0117,    0.9991,   -0.0402,
                0.0440,    0.0406,    0.9982
            ],
            "r" : [
                -0.1023,
                -0.0053,
                0.0311
            ],
            "rc" : [
                0.1023,
                0.0053,
               -0.0311
            ]
        },
        {
            "D" : [
                0.8365,  -0.5452,   0.0553,
                0.5466,   0.8373,  -0.0111,
               -0.0402,   0.0395,   0.9984
            ],
            "Dc" : [
                0.8478,   -0.5267,   -0.0628,
                0.5282,    0.8491,    0.0095,
                0.0483,   -0.0412,    0.9980
            ],
            "r" : [
                0.1509,
                -0.1856,
                3.3604
            ],
            "rc" : [
                -0.0271,
                -0.2863,
                3.2974
            ]
        }
    ]
}

