AA
  8.428368741949   2.024890492828   0.212589118010  -1.888437066571  -1.424188933244  -2.187280013076   4.444006845999  -2.448078954587  -4.072985676275   0.781976255497   2.118343981939 -21.057281605825  -7.855715492203   1.277831787171  -0.131567539839   1.964871070985  -0.625528855064   1.709001549298 
  2.024890492828   2.470219261276   1.268394276398   0.280181177213  -0.893096581320   1.073599877166  -0.758243840741   0.521267721395   0.214038001417   2.076806595908  -0.135874394370  -6.317835264177  -2.534287723239  -0.470041574931  -0.924475955022   0.766775991621   0.470217670234  -0.771565200199 
  0.212589118010   1.268394276398   5.156200406021   1.054987647797  -2.926755481895   1.759649449240  -2.478203168871   0.053194571934   1.250204943786   3.679585518206  -0.386571055218  -0.810722391945  -0.305556997191  -0.550734773168  -2.628201361387   0.114958597220   1.299669330495  -1.416335883515 
 -1.888437066571   0.280181177213   1.054987647797   8.376122303433  -3.603874296344  -0.338509010791   0.526030678496   1.523614683623   2.802999479575   0.248979958489  -1.269205147822   4.692517254195   1.715321630511  -0.168725803542  -0.218365861015  -0.497666366561   0.266388463522   0.746928720384 
 -1.424188933244  -0.893096581320  -2.926755481895  -3.603874296344  43.039878651800  -4.963037712060   1.542872371369   0.621456241411   1.846534130659  -0.839305412920   1.281858376147   3.978731651590   0.675184736232   0.972346771382   0.679186082029  -1.038432320036  -1.929336989647   1.165217760515 
 -2.187280013076   1.073599877166   1.759649449240  -0.338509010791  -4.963037712060  18.642680968419 -19.807879186066  -0.659642124727  -0.721865584334   4.711641754325   1.828808574597  -2.551424957010   1.094166934103  -1.170664431737  -1.651935806640   1.481532458947   1.830698643848 -15.650728149707 
  4.444006845999  -0.758243840741  -2.478203168871   0.526030678496   1.542872371369 -19.807879186066  31.145748206875   0.856707259413   1.163848573599  -5.810394005997  -0.422716323974  -7.030467429548  -3.757164467310   2.411829085725   2.152207272819  -1.991142509722  -2.375424945749  19.190344595039 
 -2.448078954587   0.521267721395   0.053194571934   1.523614683623   0.621456241411  -0.659642124727   0.856707259413   6.706715701229   3.364155888632   0.022095178778  -1.856272596438   5.769665162247   1.928048493322  -0.646729754986  -1.017444247668  -0.742268670618   0.919027721421   2.629031739229 
 -4.072985676275   0.214038001417   1.250204943786   2.802999479575   1.846534130659  -0.721865584334   1.163848573599   3.364155888632  10.535345126422   0.828053909883  -4.162206759779   6.544575255528   4.006697338691  -0.003560103603  -0.351480303340  -3.106712065395   0.444860675433   0.005632157414 
  0.781976255497   2.076806595908   3.679585518206   0.248979958489  -0.839305412920   4.711641754325  -5.810394005997   0.022095178778   0.828053909883   6.596987498623   2.100744246518  -3.167358283437  -1.323103269856  -0.418153773918  -3.281431904076   0.715946879444   1.294088875042  -4.324003253347 
  2.118343981939  -0.135874394370  -0.386571055218  -1.269205147822   1.281858376147   1.828808574597  -0.422716323974  -1.856272596438  -4.162206759779   2.100744246518   7.492555051690  -3.300206108083  -2.721155114996   1.046602554355  -1.592053173126   0.457593956719  -0.817907043034  -0.112454802675 
-21.057281605825  -6.317835264177  -0.810722391945   4.692517254195   3.978731651590  -2.551424957010  -7.030467429548   5.769665162247   6.544575255528  -3.167358283437  -3.300206108083  73.568527041203  20.584698255609  -1.225532538942   0.128084548010  -5.233739485265   2.003115755620   4.424203643085 
 -7.855715492203  -2.534287723239  -0.305556997191   1.715321630511   0.675184736232   1.094166934103  -3.757164467310   1.928048493322   4.006697338691  -1.323103269856  -2.721155114996  20.584698255609   8.393226267554  -1.095792007783   0.395611127763  -1.662739317773   0.209516222670  -1.650827978938 
  1.277831787171  -0.470041574931  -0.550734773168  -0.168725803542   0.972346771382  -1.170664431737   2.411829085725  -0.646729754986  -0.003560103603  -0.418153773918   1.046602554355  -1.225532538942  -1.095792007783   2.293862380615   0.412776368934  -0.577571121249  -0.873691089386   1.513429243429 
 -0.131567539839  -0.924475955022  -2.628201361387  -0.218365861015   0.679186082029  -1.651935806640   2.152207272819  -1.017444247668  -0.351480303340  -3.281431904076  -1.592053173126   0.128084548010   0.395611127763   0.412776368934   5.556052866627   1.060998426033  -1.665395503048   0.669076900982 
  1.964871070985   0.766775991621   0.114958597220  -0.497666366561  -1.038432320036   1.481532458947  -1.991142509722  -0.742268670618  -3.106712065395   0.715946879444   0.457593956719  -5.233739485265  -1.662739317773  -0.577571121249   1.060998426033   9.627980206922  -3.669755474568  -1.302029213174 
 -0.625528855064   0.470217670234   1.299669330495   0.266388463522  -1.929336989647   1.830698643848  -2.375424945749   0.919027721421   0.444860675433   1.294088875042  -0.817907043034   2.003115755620   0.209516222670  -0.873691089386  -1.665395503048  -3.669755474568  42.200114160654   0.200927717902 
  1.709001549298  -0.771565200199  -1.416335883515   0.746928720384   1.165217760515 -15.650728149707  19.190344595039   2.629031739229   0.005632157414  -4.324003253347  -0.112454802675   4.424203643085  -1.650827978938   1.513429243429   0.669076900982  -1.302029213174   0.200927717902  18.882939748576 

-86.443941625712 -22.721082425015   1.105452184954  24.803881765847  17.321683901288 -11.585022580594 -24.072606909543  30.806961802034  56.442062565973 -11.467668920424 -29.310766082993 275.530004383780  86.196192052443  -7.478234036625   1.567577641633 -24.891722185575   8.869600671482  13.259561345554 

AC
  9.861329392091   2.129765034192   0.476253109245  -1.402449160970  -1.822171264597  -2.146719188375   2.423747252566  -3.029778057909  -3.168120808534   0.405878971958   2.415281242836 -24.852933796236  -8.679512745532   2.451135615576  -0.279505568447   1.800841256374   0.114108593292   2.184765358609 
  2.129765034192   2.484480166023   1.045944106598   0.136777413250  -0.306817024074   1.240438897959  -1.106755528935   0.283787188412   0.208609068167   1.758494812973   0.217786020498  -5.496335813023  -3.036316786385  -0.658692568041  -0.904907644663   0.194936523905   0.656885841944  -1.558451804021 
  0.476253109245   1.045944106598   5.008371241455   0.833146067588  -0.526438406365   0.725525962935  -1.450935057278  -0.018399837903   1.117873857973   3.102452581963   0.113396123575  -0.915671151636  -0.795215174130  -0.399184389488  -2.591424580718  -0.344054060011   1.379643910925  -0.749061829365 
 -1.402449160970   0.136777413250   0.833146067588   8.328082046036  -3.861482169011  -0.405386360664   0.622060442269   1.633038932527   2.559423119573  -0.322869963644  -0.200192562618   3.462922664122   1.566574146501  -0.196147612524  -0.304864925256  -0.667116997004   0.918780642095   1.156935746716 
 -1.822171264597  -0.306817024074  -0.526438406365  -3.861482169011  42.554573782722  -0.701981067308   3.155733966037   0.414405915133   1.924183019473  -0.875928372974  -1.161539141681   3.666751686920   0.478592091858   0.258307569335   1.026380515636  -1.049085139051  -2.521605479190   0.321492472317 
 -2.146719188375   1.240438897959   0.725525962935  -0.405386360664  -0.701981067308  19.984535752636 -22.541551232172   1.109330069876  -0.459332638881   3.388692991518   1.092992533339  -0.002546558425  -1.591845985234  -2.767811598615  -1.122615959929   0.415838442694   0.565969772927 -17.892568336935 
  2.423747252566  -1.106755528935  -1.450935057278   0.622060442269   3.155733966037 -22.541551232172  35.095164755919   0.533244416039   2.132621851004  -4.923131231388  -1.124548590255  -1.782064742477   0.480586637907   3.135974933372   1.696457562011  -1.126295561720  -3.327156652862  22.203577734823 
 -3.029778057909   0.283787188412  -0.018399837903   1.633038932527   0.414405915133   1.109330069876   0.533244416039   7.249226038959   3.336814402745   0.336075453149  -0.334727035776   8.871575037995   2.457124585136  -1.237332902374  -0.849876868617  -1.486114130939   0.739162890133   0.198458754671 
 -3.168120808534   0.208609068167   1.117873857973   2.559423119573   1.924183019473  -0.459332638881   2.132621851004   3.336814402745  10.410659316185   0.920858772423  -2.828340253905   4.017039386904   3.002291043345   0.242236848090  -0.435932509102  -3.078261435099   1.110549238866   1.373592517117 
  0.405878971958   1.758494812973   3.102452581963  -0.322869963644  -0.875928372974   3.388692991518  -4.923131231388   0.336075453149   0.920858772423   4.744633641490   0.681477033550  -1.324282572923  -1.721719456043  -1.160242624249  -2.674201727879  -0.322301491277   0.957035791756  -3.983366297129 
  2.415281242836   0.217786020498   0.113396123575  -0.200192562618  -1.161539141681   1.092992533339  -1.124548590255  -0.334727035776  -2.828340253905   0.681477033550   7.946315124305  -0.723028530111  -2.412506982068   0.028170048097  -1.058316685163   0.560477590788  -0.777087276027  -0.491442336284 
-24.852933796236  -5.496335813023  -0.915671151636   3.462922664122   3.666751686920  -0.002546558425  -1.782064742477   8.871575037995   4.017039386904  -1.324282572923  -0.723028530111  82.512315616256  23.826662552144  -5.396256548352   0.583506120734  -4.649632218947   1.532798526657  -1.218571468345 
 -8.679512745532  -3.036316786385  -0.795215174130   1.566574146501   0.478592091858  -1.591845985234   0.480586637907   2.457124585136   3.002291043345  -1.721719456043  -2.412506982068  23.826662552144   9.807482822085  -1.062397851065   0.566909199246  -1.565549868927   0.569812629711   2.391188006580 
  2.451135615576  -0.658692568041  -0.399184389488  -0.196147612524   0.258307569335  -2.767811598615   3.135974933372  -1.237332902374   0.242236848090  -1.160242624249   0.028170048097  -5.396256548352  -1.062397851065   2.341525201495   0.207579913164   0.124904422446   0.202775344676   2.636757901983 
 -0.279505568447  -0.904907644663  -2.591424580718  -0.304864925256   1.026380515636  -1.122615959929   1.696457562011  -0.849876868617  -0.435932509102  -2.674201727879  -1.058316685163   0.583506120734   0.566909199246   0.207579913164  11.688425070174  -3.332583102613 -13.756391571742  -0.144679281290 
  1.800841256374   0.194936523905  -0.344054060011  -0.667116997004  -1.049085139051   0.415838442694  -1.126295561720  -1.486114130939  -3.078261435099  -0.322301491277   0.560477590788  -4.649632218947  -1.565549868927   0.124904422446  -3.332583102613   7.940333546155   8.685024452209   0.090327094109 
  0.114108593292   0.656885841944   1.379643910925   0.918780642095  -2.521605479190   0.565969772927  -3.327156652862   0.739162890133   1.110549238866   0.957035791756  -0.777087276027   1.532798526657   0.569812629711   0.202775344676 -13.756391571742   8.685024452209  60.734509078722   2.221113628185 
  2.184765358609  -1.558451804021  -0.749061829365   1.156935746716   0.321492472317 -17.892568336935  22.203577734823   0.198458754671   1.373592517117  -3.983366297129  -0.491442336284  -1.218571468345   2.391188006580   2.636757901983  -0.144679281290   0.090327094109   2.221113628185  21.156927993347 

-97.565408874179 -19.655924150032   0.364132337872  19.625299938924  18.157162812617   0.742345716861  -3.616970163695  40.218130006898  45.907709338153  -2.126148005722 -16.134703899157 299.098191101385  92.634990963427 -18.502719231545   2.794812809223 -24.367814035895   9.363114632651  -0.343059546604 

AG
  8.314595567769   2.026434655383   0.168991737912  -1.505949991976  -1.991901869124  -2.083168182383   4.216558579757  -2.220146897494  -3.402168959128   1.230282453795   2.571913649625 -21.159406503298  -7.915336072738   1.011410570300  -0.703520325467   1.867225467507  -0.277060147915   1.473085948675 
  2.026434655383   2.469173550212   1.237425459870   0.252206251209  -0.792038079011   1.051039157252  -0.664930578662   1.001079557414   0.395131933110   1.765038897078   0.270057150217  -5.652744811387  -2.717143225786  -0.170116594513  -1.446946024703  -0.047208431506   0.626398855983   0.105999525272 
  0.168991737912   1.237425459870   4.936170441753   1.006190300425  -3.820353808208   1.221159313141  -1.865840277360   0.459383279204   1.173398719033   3.526365298767  -0.015406720164  -0.515784947489  -0.361603571356  -0.511605565079  -2.792143269940   0.068964508113   1.618753309334  -0.351608512359 
 -1.505949991976   0.252206251209   1.006190300425   8.135254573264  -4.066933747754  -0.516197596239   0.400962632179   0.850427187206   2.390008158807  -0.318263168643  -0.813098340297   3.395818369826   1.489651196864  -0.075375244232  -0.349035667373  -1.452688994953   0.423131974651   0.186460393538 
 -1.991901869124  -0.792038079011  -3.820353808208  -4.066933747754  43.384087144395  -2.184150807735   3.442690586381   0.619658503487   2.098336540750  -1.424944141064  -0.435590431138   4.200378677082   0.654942807103   0.898660876403   1.079227749827  -1.443737868044  -1.858238794723   2.324705674829 
 -2.083168182383   1.051039157252   1.221159313141  -0.516197596239  -2.184150807735  18.511663410744 -20.413164880642  -0.110187019361  -1.275528764753   3.826442114405   1.366158700249  -1.562100607909   0.388331033665  -0.507328174889  -1.906096713316   1.254951353984   2.476639259351 -14.265993134355 
  4.216558579757  -0.664930578662  -1.865840277360   0.400962632179   3.442690586381 -20.413164880642  31.671136185208   0.927910361360   2.047328268295  -5.052985589696  -0.333820179226  -6.162755530224  -2.919051379388   2.066426695573   2.474076734102  -2.271921341513  -3.329593244304  18.248986581724 
 -2.220146897494   1.001079557414   0.459383279204   0.850427187206   0.619658503487  -0.110187019361   0.927910361360   6.601118677027   3.014640941727   0.440019465511  -1.674603994224   5.608746842254   1.760605113747   0.066663869481  -0.890778645969  -0.969933368961   1.014962272919   2.584281719580 
 -3.402168959128   0.395131933110   1.173398719033   2.390008158807   2.098336540750  -1.275528764753   2.047328268295   3.014640941727   9.489344928133   1.139186734424  -3.078042028644   5.060973006208   3.432170490671   0.034521004963  -0.338902593930  -2.562902327272   0.241147346372   0.410245854631 
  1.230282453795   1.765038897078   3.526365298767  -0.318263168643  -1.424944141064   3.826442114405  -5.052985589696   0.440019465511   1.139186734424   5.511437860333   1.583098334987  -4.165063169767  -1.801022356968  -0.323486104002  -3.064883831151  -0.055455585948   1.550837822786  -2.945079780299 
  2.571913649625   0.270057150217  -0.015406720164  -0.813098340297  -0.435590431138   1.366158700249  -0.333820179226  -1.674603994224  -3.078042028644   1.583098334987   6.162826358375  -3.768821780724  -3.224752665182   1.043907718697  -1.474749125894  -0.173099814270  -1.304476962185  -0.099493912130 
-21.159406503298  -5.652744811387  -0.515784947489   3.395818369826   4.200378677082  -1.562100607909  -6.162755530224   5.608746842254   5.060973006208  -4.165063169767  -3.768821780724  73.161568773048  21.124826177655  -0.824213791900   1.536284936132  -4.264889260677   1.012206350317   5.130209655094 
 -7.915336072738  -2.717143225786  -0.361603571356   1.489651196864   0.654942807103   0.388331033665  -2.919051379388   1.760605113747   3.432170490671  -1.801022356968  -3.224752665182  21.124826177655   9.103227468944  -1.382569419944   0.512515081513  -1.448750595759   0.749939775931  -1.350453447224 
  1.011410570300  -0.170116594513  -0.511605565079  -0.075375244232   0.898660876403  -0.507328174889   2.066426695573   0.066663869481   0.034521004963  -0.323486104002   1.043907718697  -0.824213791900  -1.382569419944   2.276791253239   1.310616949088  -0.075456999015  -2.580274112986   2.058965730405 
 -0.703520325467  -1.446946024703  -2.792143269940  -0.349035667373   1.079227749827  -1.906096713316   2.474076734102  -0.890778645969  -0.338902593930  -3.064883831151  -1.474749125894   1.536284936132   0.512515081513   1.310616949088  10.721400100144   2.138757999999 -11.956731090323   3.109452085270 
  1.867225467507  -0.047208431506   0.068964508113  -1.452688994953  -1.443737868044   1.254951353984  -2.271921341513  -0.969933368961  -2.562902327272  -0.055455585948  -0.173099814270  -4.264889260677  -1.448750595759  -0.075456999015   2.138757999999   7.453399888687  -5.717653537403  -1.510332963659 
 -0.277060147915   0.626398855983   1.618753309334   0.423131974651  -1.858238794723   2.476639259351  -3.329593244304   1.014962272919   0.241147346372   1.550837822786  -1.304476962185   1.012206350317   0.749939775931  -2.580274112986 -11.956731090323  -5.717653537403  61.466742170877  -3.282824495156 
  1.473085948675   0.105999525272  -0.351608512359   0.186460393538   2.324705674829 -14.265993134355  18.248986581724   2.584281719580   0.410245854631  -2.945079780299  -0.099493912130   5.130209655094  -1.350453447224   2.058965730405   3.109452085270  -1.510332963659  -3.282824495156  18.635996381945 

-84.799161155008 -19.931837976780   2.111839591126  18.878398221207  18.698407855658  -7.735002200769 -19.577156164488  29.049138025861  46.938307874671 -12.333701564123 -27.092745729728 270.035609228698  85.139719251125  -5.862848523675   4.571674883095 -19.785294366016   7.488602699470  15.447104551565 

AT
 10.224681927326   2.094967354227  -0.059332998710  -1.240221529450  -0.421373507461  -2.099328150065   1.771007284575  -1.868489421035  -2.276507945055  -0.849023755561   2.214378650889 -25.249248280779  -9.147185716156   2.849111073047   0.304220388367   1.271105399815   0.009531061881   2.057180831034 
  2.094967354227   2.558891102783   0.798567038837   0.358008958316  -0.194839736390   1.007538309389  -1.228277343449  -0.201033200081   0.593417328833   1.284899072660   0.436380229907  -5.949657728172  -2.849111073047  -0.614729633198  -0.729850880150  -0.174597702758   0.723218431837  -1.310336567171 
 -0.059332998710   0.798567038837   5.232941346998   0.735379508413  -1.706230584409   0.469577659437  -0.926081096309  -0.543153550386   0.657379397766   3.461118086730  -0.890428275074  -0.355975505171  -0.304220388367  -0.729850880150  -2.847215262874  -0.243037098211   0.915827794327  -0.710757522704 
 -1.240221529450   0.358008958316   0.735379508413   8.600800555925  -3.806406994320  -0.121303236201  -0.187799256786   1.440554556930   2.962877913305  -0.289865578534   0.404734871954   3.054155139340   1.271105399815   0.174597702758   0.243037098211  -1.519943390188   1.049158223868   0.560243736364 
 -0.421373507461  -0.194839736390  -1.706230584409  -3.806406994320  40.249435358767   0.265474979696   2.636521873186   0.363647778956   1.327820607443   0.118301536165  -0.579570359578   2.633827221238  -0.009531061881   0.723218431837   0.915827794327  -1.049158223868  -2.655836052139  -0.110254205086 
 -2.099328150065   1.007538309389   0.469577659437  -0.121303236201   0.265474979696  21.491662538686 -24.196528419358   0.449054602882   0.256889818317   3.064613846610   0.971266180346  -0.686637233069  -2.057180831034  -1.310336567171  -0.710757522704  -0.560243736364  -0.110254205086 -18.690445914899 
  1.771007284575  -1.228277343449  -0.926081096309  -0.187799256786   2.636521873186 -24.196528419358  37.881705093158  -0.000000000000  -0.000000000000  -3.234645845743   0.000000000000   0.000000000000   1.771007284575   1.228277343449   0.926081096309  -0.187799256786  -2.636521873186  24.196528419358 
 -1.868489421035  -0.201033200081  -0.543153550386   1.440554556930   0.363647778956   0.449054602882  -0.000000000000   7.451217314331   3.213934393249   0.000000000000  -0.913617822832   5.864602807704   1.868489421035  -0.201033200081  -0.543153550386  -1.440554556930   0.363647778956   0.449054602882 
 -2.276507945055   0.593417328833   0.657379397766   2.962877913305   1.327820607443   0.256889818317  -0.000000000000   3.213934393249  11.806826333296  -0.000000000000  -2.399671541585   2.761672263412   2.276507945055   0.593417328833   0.657379397766  -2.962877913305   1.327820607443   0.256889818317 
 -0.849023755561   1.284899072660   3.461118086730  -0.289865578534   0.118301536165   3.064613846610  -3.234645845743   0.000000000000  -0.000000000000   6.266771283404  -0.000000000000   0.000000000000  -0.849023755561  -1.284899072660  -3.461118086730  -0.289865578534  -0.118301536165  -3.064613846610 
  2.214378650889   0.436380229907  -0.890428275074   0.404734871954  -0.579570359578   0.971266180346   0.000000000000  -0.913617822832  -2.399671541585  -0.000000000000   9.973200452992  -0.400833218764  -2.214378650889   0.436380229907  -0.890428275074  -0.404734871954  -0.579570359578   0.971266180346 
-25.249248280779  -5.949657728172  -0.355975505171   3.054155139340   2.633827221238  -0.686637233069   0.000000000000   5.864602807704   2.761672263412   0.000000000000  -0.400833218764  84.244582816809  25.249248280779  -5.949657728172  -0.355975505171  -3.054155139340   2.633827221238  -0.686637233069 
 -9.147185716156  -2.849111073047  -0.304220388367   1.271105399815  -0.009531061881  -2.057180831034   1.771007284575   1.868489421035   2.276507945055  -0.849023755561  -2.214378650889  25.249248280779  10.224681927326  -2.094967354227   0.059332998710  -1.240221529450   0.421373507461   2.099328150065 
  2.849111073047  -0.614729633198  -0.729850880150   0.174597702758   0.723218431837  -1.310336567171   1.228277343449  -0.201033200081   0.593417328833  -1.284899072660   0.436380229907  -5.949657728172  -2.094967354227   2.558891102783   0.798567038837  -0.358008958316  -0.194839736390   1.007538309389 
  0.304220388367  -0.729850880150  -2.847215262874   0.243037098211   0.915827794327  -0.710757522704   0.926081096309  -0.543153550386   0.657379397766  -3.461118086730  -0.890428275074  -0.355975505171   0.059332998710   0.798567038837   5.232941346998  -0.735379508413  -1.706230584409   0.469577659437 
  1.271105399815  -0.174597702758  -0.243037098211  -1.519943390188  -1.049158223868  -0.560243736364  -0.187799256786  -1.440554556930  -2.962877913305  -0.289865578534  -0.404734871954  -3.054155139340  -1.240221529450  -0.358008958316  -0.735379508413   8.600800555925   3.806406994320   0.121303236201 
  0.009531061881   0.723218431837   0.915827794327   1.049158223868  -2.655836052139  -0.110254205086  -2.636521873186   0.363647778956   1.327820607443  -0.118301536165  -0.579570359578   2.633827221238   0.421373507461  -0.194839736390  -1.706230584409   3.806406994320  40.249435358767   0.265474979696 
  2.057180831034  -1.310336567171  -0.710757522704   0.560243736364  -0.110254205086 -18.690445914899  24.196528419358   0.449054602882   0.256889818317  -3.064613846610   0.971266180346  -0.686637233069   2.099328150065   1.007538309389   0.469577659437   0.121303236201   0.265474979696  21.491662538686 

-98.629994167873 -21.002780990551   1.731956310262  17.814112162440  13.366755925610  -1.495177629483   0.000000000000  28.961036109626  43.955068112090   0.000000000000 -17.715034615239 303.899662840356  98.629994167873 -21.002780990551   1.731956310262 -17.814112162440  13.366755925610  -1.495177629483 

CA
  6.775036146843   0.736572133336   0.411731445661  -1.782984676413  -2.207704005493   0.494174735149   0.119020347297  -2.280923790912  -4.032133109138   0.466457044348   2.941211269941 -16.404934753941  -5.790447269642   1.001799233806  -0.491261930331   1.625241585684  -0.226593728519  -0.309321032016 
  0.736572133336   1.826882945494   1.466867045621   0.068721787122  -1.241160618472   2.219928922640  -1.562096057633   1.014118579012  -0.249671497600   1.175607882137   0.432821701029   0.520340033162  -0.721221488404   0.100134201064  -0.940950857471   0.567704170615   0.497287999291   0.525142241136 
  0.411731445661   1.466867045621  11.062430789518  -1.913676836220 -12.608880369563   2.698229394851  -3.629402611235  -0.382169295161   0.567414952896   2.379117237153  -0.812510439865   0.423478383405   0.354239679612  -0.960883530642  -2.071992858762   0.235422505537   1.315982699504  -2.037492343171 
 -1.782984676413   0.068721787122  -1.913676836220   6.610119549823   4.984765190802   1.033254627971  -1.396449768474   0.993987879324   1.314923871240   0.418674986494  -0.332248797117   3.904749717339   1.775314708575  -0.283844380003  -0.182489760103   0.468626799713   0.321787777080  -0.977260077149 
 -2.207704005493  -1.241160618472 -12.608880369563   4.984765190802  60.917363508638  -3.387647073121   3.127936632379   0.475499957256  -0.092442732557  -1.736761619191  -0.194985203336   3.182856113166   0.072524831377   0.367654756397   1.345800327440  -0.568482201614  -1.647476303303   3.248884819436 
  0.494174735149   2.219928922640   2.698229394851   1.033254627971  -3.387647073121  18.048665335899 -14.386717008143   2.135961721492  -1.288946423564   3.901653409465   2.757224239728   7.880357836080   0.648333438102   0.507261824118  -1.672510318165   1.538982135344   3.348032191522  -7.283595160855 
  0.119020347297  -1.562096057633  -3.629402611235  -1.396449768474   3.127936632379 -14.386717008143  22.473653872413  -0.120564220726  -0.087591836889  -6.451605560543  -0.219725382374  -0.736370957097  -0.727919035420   1.769138552131   3.219266307985  -2.070883337453  -3.030959029847  14.791850841652 
 -2.280923790912   1.014118579012  -0.382169295161   0.993987879324   0.475499957256   2.135961721492  -0.120564220726   5.923834231563   2.827405207954   0.107544318151   0.028166649242   7.022722307839   2.232513834315   0.204106251658  -0.439120267121  -0.192484183022   0.682026395324   2.671593682418 
 -4.032133109138  -0.249671497600   0.567414952896   1.314923871240  -0.092442732557  -1.288946423564  -0.087591836889   2.827405207954   7.365032152203  -0.570152749320  -3.816019747206   4.443418120845   3.865867023020  -0.417495407399   0.695730237842  -1.355088204109   0.079323582808  -1.183855138635 
  0.466457044348   1.175607882137   2.379117237153   0.418674986494  -1.736761619191   3.901653409465  -6.451605560543   0.107544318151  -0.570152749320   3.667810321060   0.310719784228  -0.157607151399  -0.308463117173  -0.774858554882  -2.443243454533   1.610149656636   1.253158924541  -3.733492949418 
  2.941211269941   0.432821701029  -0.812510439865  -0.332248797117  -0.194985203336   2.757224239728  -0.219725382374   0.028166649242  -3.816019747206   0.310719784228   6.309100866221  -3.105421238745  -2.456701890924   0.672110642442  -0.524890518637   0.846382354174   0.471103428179   1.048243961590 
-16.404934753941   0.520340033162   0.423478383405   3.904749717339   3.182856113166   7.880357836080  -0.736370957097   7.022722307839   4.443418120845  -0.157607151399  -3.105421238745  65.353934376839  16.144168190396   0.193003674055   0.395049896321  -3.661602867526   3.719497719041   7.072579092643 
 -5.790447269642  -0.721221488404   0.354239679612   1.775314708575   0.072524831377   0.648333438102  -0.727919035420   2.232513834315   3.865867023020  -0.308463117173  -2.456701890924  16.144168190396   6.134661858077  -0.544325225611   0.425584618304  -1.277618155689   0.931120418767  -0.253414304247 
  1.001799233806   0.100134201064  -0.960883530642  -0.283844380003   0.367654756397   0.507261824118   1.769138552131   0.204106251658  -0.417495407399  -0.774858554882   0.672110642442   0.193003674055  -0.544325225611   1.822314515180   0.846498147530  -0.302424667114  -0.180187989561   1.466607369429 
 -0.491261930331  -0.940950857471  -2.071992858762  -0.182489760103   1.345800327440  -1.672510318165   3.219266307985  -0.439120267121   0.695730237842  -2.443243454533  -0.524890518637   0.395049896321   0.425584618304   0.846498147530   4.928998708249   0.523041957175  -1.724415018965   0.622125433849 
  1.625241585684   0.567704170615   0.235422505537   0.468626799713  -0.568482201614   1.538982135344  -2.070883337453  -0.192484183022  -1.355088204109   1.610149656636   0.846382354174  -3.661602867526  -1.277618155689  -0.302424667114   0.523041957175   8.241860030313  -3.654470051575  -1.220641383486 
 -0.226593728519   0.497287999291   1.315982699504   0.321787777080  -1.647476303303   3.348032191522  -3.030959029847   0.682026395324   0.079323582808   1.253158924541   0.471103428179   3.719497719041   0.931120418767  -0.180187989561  -1.724415018965  -3.654470051575  40.273312932819  -0.387906886978 
 -0.309321032016   0.525142241136  -2.037492343171  -0.977260077149   3.248884819436  -7.283595160855  14.791850841652   2.671593682418  -1.183855138635  -3.733492949418   1.048243961590   7.072579092643  -0.253414304247   1.466607369429   0.622125433849  -1.220641383486  -0.387906886978  16.690057290240 

-66.291859664098   0.295425705248   2.361352768312  16.020506203271  12.277381736480  21.099232289481  -2.066663802518  34.836726282124  39.795286528030  -3.351387372761 -22.998632798349 232.219637412034  66.352539687002  -1.319146354413   4.756555630140 -14.828197481793  12.748943025057  20.564970537574 

CC
  8.546470531474   1.029877048777   0.193774640994  -2.156593654753  -2.506433146788  -0.271824554927  -0.384001877961  -3.000764931197  -3.849422675642  -0.597526510974   3.149784543694 -21.346918663664  -7.393385895465   2.491327537579  -0.217992428123   1.780844452529  -0.596642675895   0.730874429376 
  1.029877048777   2.082581211326   1.726752756316  -0.215845442741  -2.427466069987   2.331717959555  -1.887613238073   0.606914587169  -0.479055187349   0.928286440501   0.524154521544  -0.217145216181  -1.019829525797  -0.342526846079  -0.670188506369   0.388775454271   0.645846453614  -0.823578568150 
  0.193774640994   1.726752756316  10.143520707635  -1.938387491380 -10.580138435303   3.496774510045  -3.074559558809  -0.548829950892   0.319734431603   2.401008916157  -0.678455716786   0.909503949110   0.291286760228  -0.952916293223  -2.398292443001  -0.040141132456   1.738828803380  -1.833614767147 
 -2.156593654753  -0.215845442741  -1.938387491380   7.638349303642   6.070077495215   0.550754687403  -1.497444779533   1.257655496678   2.308089673583   0.725592634038  -0.402205697839   4.557368130228   2.041773637021  -0.511422176262  -0.484983839263  -0.512290521548   0.984843491537  -0.959952451175 
 -2.506433146788  -2.427466069987 -10.580138435303   6.070077495215  61.693789850126  -6.979535003007   4.100696892088   0.211300989131   0.203850624731  -1.884989246675  -0.691992143045   1.353233186429   0.549539685624   0.595030668620   1.586461654014  -0.303919821038  -1.960031659158   3.230005978695 
 -0.271824554927   2.331717959555   3.496774510045   0.550754687403  -6.979535003007  18.838004119550 -17.210200334855   3.247002455977  -0.475408307744   3.541084874139   0.862151195738   7.505449892680  -0.664760938000  -1.744012694540  -1.118188368415   0.590234260437   2.276800177897 -14.243388037243 
 -0.384001877961  -1.887613238073  -3.074559558809  -1.497444779533   4.100696892088 -17.210200334855  28.248730014310  -0.843619022102   0.057422273337  -6.847097978573  -0.535046120266   1.816044923136   2.077462238279   2.698879066843   2.970296842092  -0.809572324436  -3.146117178308  18.551676739149 
 -3.000764931197   0.606914587169  -0.548829950892   1.257655496678   0.211300989131   3.247002455977  -0.843619022102   6.546088789016   2.698557583585  -0.198220226229  -0.941678853694   9.197392967405   3.033743401225  -0.674839632764   0.371255594795  -0.951814468406   0.746274698762  -0.626768447416 
 -3.849422675642  -0.479055187349   0.319734431603   2.308089673583   0.203850624731  -0.475408307744   0.057422273337   2.698557583585   8.418823949458  -0.385937985135  -3.231713612125   5.679513334963   3.828460586374  -0.061172372713   0.210314538097  -2.220827529690   1.766125165790  -0.026858841864 
 -0.597526510974   0.928286440501   2.401008916157   0.725592634038  -1.884989246675   3.541084874139  -6.847097978573  -0.198220226229  -0.385937985135   4.329403930994  -0.498245830963   1.681877754634   0.147260372719  -1.465120149915  -2.989844007365   0.468804410172   2.048224106638  -4.322573025186 
  3.149784543694   0.524154521544  -0.678455716786  -0.402205697839  -0.691992143045   0.862151195738  -0.535046120266  -0.941678853694  -3.231713612125  -0.498245830963   4.519147800439  -3.733546730787  -2.741294581064   0.150764078170  -0.326163603643   1.399815198321  -0.486194212968  -0.342159162621 
-21.346918663664  -0.217145216181   0.909503949110   4.557368130228   1.353233186429   7.505449892680   1.816044923136   9.197392967405   5.679513334963   1.681877754634  -3.733546730787  75.355837101088  20.179876813338  -6.525757112905   0.422730104914  -4.170224867469   3.379120769325  -3.477051533628 
 -7.393385895465  -1.019829525797   0.291286760228   2.041773637021   0.549539685624  -0.664760938000   2.077462238279   3.033743401225   3.828460586374   0.147260372719  -2.741294581064  20.179876813338   7.930937181314  -1.514240134808  -0.316412313048  -1.429685330828   3.991622469679   2.121863310648 
  2.491327537579  -0.342526846079  -0.952916293223  -0.511422176262   0.595030668620  -1.744012694540   2.698879066843  -0.674839632764  -0.061172372713  -1.465120149915   0.150764078170  -6.525757112905  -1.514240134808   2.481033115394   0.879980355205  -0.246044475421  -0.767891546737   2.665687657851 
 -0.217992428123  -0.670188506369  -2.398292443001  -0.484983839263   1.586461654014  -1.118188368415   2.970296842092   0.371255594795   0.210314538097  -2.989844007365  -0.326163603643   0.422730104914  -0.316412313048   0.879980355205  12.681514912484  -3.801634050799 -14.917880529994   0.686347479095 
  1.780844452529   0.388775454271  -0.040141132456  -0.512290521548  -0.303919821038   0.590234260437  -0.809572324436  -0.951814468406  -2.220827529690   0.468804410172   1.399815198321  -4.170224867469  -1.429685330828  -0.246044475421  -3.801634050799   7.632780382973   9.568808105426  -0.348394296438 
 -0.596642675895   0.645846453614   1.738828803380   0.984843491537  -1.960031659158   2.276800177897  -3.146117178308   0.746274698762   1.766125165790   2.048224106638  -0.486194212968   3.379120769325   3.991622469679  -0.767891546737 -14.917880529994   9.568808105426  68.990415915145  -1.089994499798 
  0.730874429376  -0.823578568150  -1.833614767147  -0.959952451175   3.230005978695 -14.243388037243  18.551676739149  -0.626768447416  -0.026858841864  -4.322573025186  -0.342159162621  -3.477051533628   2.121863310648   2.665687657851   0.686347479095  -0.348394296438  -1.089994499798  18.804688576198 

-84.605705246719  -3.623475947831   3.206598504486  21.973015547988   7.996986711099  22.984990238122   6.440253188435  41.279976158963  47.346332064186   4.990451280386 -25.062795816814 277.367054087437  79.186441544748 -23.095441882809   3.429377207471 -20.954653540335  15.577306860700 -12.675967827103 

CG
  6.665985072192   0.872057400252   0.161978643307  -1.775698473166  -1.871375888209   0.682241428868  -0.255631109962  -2.200024617590  -3.882288566245   0.086911424902   2.467334586856 -16.457806000808  -5.924466461729   1.004408954732  -0.452005407660   1.956195020789  -0.024588652933  -0.192832743817 
  0.872057400252   1.933592828676   1.275543620965  -0.049423822383  -1.327794294018   2.175554822449  -1.708802300603   0.903330304402  -0.292255450276   1.031410426274   0.581564679326   0.272609450473  -1.004408954732   0.340098110962  -1.007534008188   0.066734746776   0.297282084062   0.718971010192 
  0.161978643307   1.275543620965  10.874521751909  -2.008634841892 -12.158660273626   2.263245797637  -3.254466528580  -0.370398389150   0.722450023795   2.376140084365  -0.640512691478   0.457513077059   0.452005407660  -1.007534008188  -2.158601697923   0.080863097118   1.319208201726  -1.452752375511 
 -1.775698473166  -0.049423822383  -2.008634841892   6.807785704246   6.047457501118   1.113511266991  -1.201360081587   0.907950852005   1.331635641660   0.230293576565  -0.309511098614   4.109487535994   1.956195020789  -0.066734746776  -0.080863097118  -0.525524338771   0.581645893367  -0.889325116986 
 -1.871375888209  -1.327794294018 -12.158660273626   6.047457501118  64.209041844857  -1.953866222179   3.019407369980   0.312709779509   0.086157212220  -1.488471958629   0.320386099254   2.829207830646   0.024588652933   0.297282084062   1.319208201726  -0.581645893367  -1.953462103544   2.948242342428 
  0.682241428868   2.175554822449   2.263245797637   1.113511266991  -1.953866222179  17.405167046710 -14.147245434562   2.462608106313  -1.258644342829   3.537261992679   1.314468711317   6.794273206940   0.192832743817   0.718971010192  -1.452752375511   0.889325116986   2.948242342428  -7.313710463091 
 -0.255631109962  -1.708802300603  -3.254466528580  -1.201360081587   3.019407369980 -14.147245434562  22.007128296834   0.000000000000   0.000000000000  -6.815954292395   0.000000000000   0.000000000000  -0.255631109962   1.708802300603   3.254466528580  -1.201360081587  -3.019407369980  14.147245434562 
 -2.200024617590   0.903330304402  -0.370398389150   0.907950852005   0.312709779509   2.462608106313   0.000000000000   5.901719652524   2.377426805358   0.000000000000  -0.118488710818   7.761031647533   2.200024617590   0.903330304402  -0.370398389150  -0.907950852005   0.312709779509   2.462608106313 
 -3.882288566245  -0.292255450276   0.722450023795   1.331635641660   0.086157212220  -1.258644342829   0.000000000000   2.377426805358   7.193248941269  -0.000000000000  -3.465864006769   4.387419140271   3.882288566245  -0.292255450276   0.722450023795  -1.331635641660   0.086157212220  -1.258644342829 
  0.086911424902   1.031410426274   2.376140084365   0.230293576565  -1.488471958629   3.537261992679  -6.815954292395   0.000000000000  -0.000000000000   3.778055487405   0.000000000000  -0.000000000000   0.086911424902  -1.031410426274  -2.376140084365   0.230293576565   1.488471958629  -3.537261992679 
  2.467334586856   0.581564679326  -0.640512691478  -0.309511098614   0.320386099254   1.314468711317   0.000000000000  -0.118488710818  -3.465864006769   0.000000000000   6.148722920485  -3.316545912294  -2.467334586856   0.581564679326  -0.640512691478   0.309511098614   0.320386099254   1.314468711317 
-16.457806000808   0.272609450473   0.457513077059   4.109487535994   2.829207830646   6.794273206940   0.000000000000   7.761031647533   4.387419140271  -0.000000000000  -3.316545912294  66.335849254719  16.457806000808   0.272609450473   0.457513077059  -4.109487535994   2.829207830646   6.794273206940 
 -5.924466461729  -1.004408954732   0.452005407660   1.956195020789   0.024588652933   0.192832743817  -0.255631109962   2.200024617590   3.882288566245   0.086911424902  -2.467334586856  16.457806000808   6.665985072192  -0.872057400252  -0.161978643307  -1.775698473166   1.871375888209  -0.682241428868 
  1.004408954732   0.340098110962  -1.007534008188  -0.066734746776   0.297282084062   0.718971010192   1.708802300603   0.903330304402  -0.292255450276  -1.031410426274   0.581564679326   0.272609450473  -0.872057400252   1.933592828676   1.275543620965   0.049423822383  -1.327794294018   2.175554822449 
 -0.452005407660  -1.007534008188  -2.158601697923  -0.080863097118   1.319208201726  -1.452752375511   3.254466528580  -0.370398389150   0.722450023795  -2.376140084365  -0.640512691478   0.457513077059  -0.161978643307   1.275543620965  10.874521751909   2.008634841892 -12.158660273626   2.263245797637 
  1.956195020789   0.066734746776   0.080863097118  -0.525524338771  -0.581645893367   0.889325116986  -1.201360081587  -0.907950852005  -1.331635641660   0.230293576565   0.309511098614  -4.109487535994  -1.775698473166   0.049423822383   2.008634841892   6.807785704246  -6.047457501118  -1.113511266991 
